2017415T04:03:44 9.58103 46.9512 2017.288 9.58103055556
2017415T04:03:45 9.58131 46.9512 2017.288 9.58130833333
2017415T04:03:46 9.58159 46.9512 2017.288 9.58158888889
2017415T04:03:47 9.58187 46.9512 2017.288 9.58186666667
2017415T04:03:48 9.58215 46.9512 2017.288 9.58214722222
2017415T04:03:49 9.58242 46.9512 2017.288 9.582425
2017415T04:03:50 9.5827 46.9512 2017.288 9.58270555556
2017415T04:03:51 9.58298 46.9512 2017.288 9.58298333333
2017415T04:03:52 9.58326 46.9512 2017.288 9.58326388889
2017415T04:03:53 9.58354 46.9512 2017.288 9.58354166667
2017415T04:03:54 9.58382 46.9512 2017.288 9.58381944444
2017415T04:03:55 9.5841 46.9512 2017.288 9.5841
2017415T04:03:56 9.58438 46.9512 2017.288 9.58437777778
2017415T04:03:57 9.58466 46.9512 2017.288 9.58465833333
2017415T04:03:58 9.58494 46.9512 2017.288 9.58493611111
2017415T04:03:59 9.58522 46.9512 2017.288 9.58521666667
2017415T04:04:00 9.58549 46.9512 2017.288 9.58549444444
2017415T04:04:01 9.58577 46.9512 2017.288 9.58577222222
2017415T04:04:02 9.58605 46.9512 2017.288 9.58605277778
2017415T04:04:03 9.58633 46.9512 2017.288 9.58633055556
2017415T04:04:04 9.58661 46.9512 2017.288 9.58661111111
2017415T04:04:05 9.58689 46.9512 2017.288 9.58688888889
2017415T04:04:06 9.58717 46.9512 2017.288 9.58716944444
2017415T04:04:07 9.58745 46.9512 2017.288 9.58744722222
2017415T04:04:08 9.58772 46.9512 2017.288 9.587725
2017415T04:04:09 9.588 46.9512 2017.288 9.58800555556
2017415T04:04:10 9.58828 46.9512 2017.288 9.58828333333
2017415T04:04:11 9.58856 46.9512 2017.288 9.58856388889
2017415T04:04:12 9.58884 46.9512 2017.288 9.58884166667
2017415T04:04:13 9.58912 46.9512 2017.288 9.58912222222
2017415T04:04:14 9.5894 46.9512 2017.288 9.5894
2017415T04:04:15 9.58968 46.9512 2017.288 9.58967777778
2017415T04:04:16 9.58996 46.9512 2017.288 9.58995833333
2017415T04:04:17 9.59024 46.9512 2017.288 9.59023611111
2017415T04:04:18 9.59052 46.9512 2017.288 9.59051666667
2017415T04:04:19 9.59079 46.9512 2017.288 9.59079444444
2017415T04:04:20 9.59107 46.9512 2017.288 9.59107222222
2017415T04:04:21 9.59135 46.9512 2017.288 9.59135277778
2017415T04:04:22 9.59163 46.9512 2017.288 9.59163055556
2017415T04:04:23 9.59191 46.9512 2017.288 9.59191111111
2017415T04:04:24 9.59219 46.9512 2017.288 9.59218888889
2017415T04:04:25 9.59247 46.9512 2017.288 9.59246944444
2017415T04:04:26 9.59275 46.9512 2017.288 9.59274722222
2017415T04:04:27 9.59302 46.9512 2017.288 9.593025
2017415T04:04:28 9.5933 46.9512 2017.288 9.59330555556
2017415T04:04:29 9.59358 46.9512 2017.288 9.59358333333
2017415T04:04:30 9.59386 46.9512 2017.288 9.59386388889
2017415T04:04:31 9.59414 46.9512 2017.288 9.59414166667
2017415T04:04:32 9.59442 46.9512 2017.288 9.59442222222
2017415T04:04:33 9.5947 46.9512 2017.288 9.5947
2017415T04:04:34 9.59498 46.9512 2017.288 9.59497777778
2017415T04:06:19 9.62423 46.9512 2017.288 9.62423055556
2017415T04:10:52 9.7001 46.9512 2017.288 9.7001
2017415T04:11:33 9.71153 46.9512 2017.288 9.71153055556
2017415T04:12:50 9.73313 46.9512 2017.288 9.73313055556
2017415T04:16:56 9.80169 46.9512 2017.288 9.80168888889
2017415T04:18:13 9.82298 46.9512 2017.288 9.82298333333
2017415T04:19:41 9.84744 46.9512 2017.288 9.84744166667
2017415T04:21:20 9.87514 46.9512 2017.288 9.87513888889
2017415T04:23:11 9.90609 46.9512 2017.288 9.90608611111
2017415T04:24:17 9.92454 46.9512 2017.288 9.92454166667
2017415T04:25:13 9.94006 46.9512 2017.288 9.94005833333
2017415T04:26:02 9.9537 46.9512 2017.288 9.95369722222
2017415T04:27:01 9.97018 46.9512 2017.288 9.97018611111
2017415T04:27:02 9.97046 46.9512 2017.288 9.97046388889
2017415T04:27:03 9.97074 46.9512 2017.288 9.97074444444
2017415T04:27:04 9.97102 46.9512 2017.288 9.97102222222
2017415T04:27:05 9.9713 46.9512 2017.288 9.97130277778
2017415T04:27:06 9.97158 46.9512 2017.288 9.97158333333
2017415T04:27:07 9.97186 46.9512 2017.288 9.97186111111
2017415T04:27:08 9.97214 46.9512 2017.288 9.97214166667
2017415T04:27:09 9.97242 46.9512 2017.288 9.97241944444
2017415T04:27:10 9.9727 46.9512 2017.288 9.9727
2017415T04:27:11 9.97298 46.9512 2017.288 9.97297777778
2017415T04:27:12 9.97325 46.9512 2017.288 9.97325555556
2017415T04:27:13 9.97353 46.9512 2017.288 9.97353611111
2017415T04:27:14 9.97381 46.9512 2017.288 9.97381388889
2017415T04:27:15 9.97409 46.9512 2017.288 9.97409444444
2017415T04:27:16 9.97437 46.9512 2017.288 9.97437222222
2017415T04:27:17 9.97465 46.9512 2017.288 9.97465277778
2017415T04:27:18 9.97493 46.9512 2017.288 9.97493055556
2017415T04:27:19 9.97521 46.9512 2017.288 9.97520833333
2017415T04:27:20 9.97549 46.9512 2017.288 9.97548888889
2017415T04:27:21 9.97576 46.9512 2017.288 9.97576666667
2017415T04:27:22 9.97605 46.9512 2017.288 9.97604722222
2017415T04:27:23 9.97632 46.9512 2017.288 9.976325
2017415T04:27:24 9.9766 46.9512 2017.288 9.97660555556
2017415T04:27:25 9.97688 46.9512 2017.288 9.97688333333
2017415T04:27:26 9.97716 46.9512 2017.288 9.97716111111
2017415T04:27:27 9.97744 46.9512 2017.288 9.97744166667
2017415T04:27:28 9.97772 46.9512 2017.288 9.97771944444
2017415T04:27:29 9.978 46.9512 2017.288 9.978
2017415T04:27:30 9.97828 46.9512 2017.288 9.97827777778
2017415T04:27:31 9.97855 46.9512 2017.288 9.97855555556
2017415T04:27:32 9.97883 46.9512 2017.288 9.97883611111
2017415T04:27:33 9.97911 46.9512 2017.288 9.97911388889
2017415T04:27:34 9.97939 46.9512 2017.288 9.97939444444
2017415T04:27:35 9.97967 46.9512 2017.288 9.97967222222
2017415T04:27:36 9.97995 46.9512 2017.288 9.97995
2017415T04:27:37 9.98023 46.9512 2017.288 9.98023055556
2017415T04:27:38 9.98051 46.9512 2017.288 9.98050833333
2017415T04:27:39 9.98079 46.9512 2017.288 9.98078888889
2017415T04:27:40 9.98106 46.9512 2017.288 9.98106666667
2017415T04:27:41 9.98135 46.9512 2017.288 9.98134722222
2017415T04:27:42 9.98162 46.9512 2017.288 9.981625
2017415T04:27:43 9.9819 46.9512 2017.288 9.98190277778
2017415T04:27:44 9.98218 46.9512 2017.288 9.98218333333
2017415T04:27:45 9.98246 46.9512 2017.288 9.98246111111
2017415T04:27:46 9.98274 46.9512 2017.288 9.98274166667
2017415T04:27:47 9.98302 46.9512 2017.288 9.98301944444
2017415T04:27:48 9.9833 46.9512 2017.288 9.98329722222
2017415T04:27:49 9.98358 46.9512 2017.288 9.98357777778
2017415T04:27:50 9.98385 46.9512 2017.288 9.98385555556
2017415T04:27:51 9.98413 46.9512 2017.288 9.98413611111
2017415T04:27:52 9.98441 46.9512 2017.288 9.98441388889
2017415T04:27:53 9.98469 46.9512 2017.288 9.98469166667
2017415T04:27:54 9.98497 46.9512 2017.288 9.98497222222
2017415T04:27:55 9.98525 46.9512 2017.288 9.98525
2017415T04:27:56 9.98553 46.9512 2017.288 9.98553055556
2017415T04:27:57 9.98581 46.9512 2017.288 9.98580833333
2017415T04:27:58 9.98609 46.9512 2017.288 9.98608888889
2017415T04:27:59 9.98636 46.9512 2017.288 9.98636666667
2017415T04:28:00 9.98664 46.9512 2017.288 9.98664444444
2017415T04:28:01 9.98692 46.9512 2017.288 9.986925
2017415T04:28:02 9.9872 46.9512 2017.288 9.98720277778
2017415T04:28:03 9.98748 46.9512 2017.288 9.98748333333
2017415T04:28:04 9.98776 46.9512 2017.288 9.98776111111
2017415T04:28:05 9.98804 46.9512 2017.288 9.98803888889
2017415T04:28:06 9.98832 46.9512 2017.288 9.98831944444
2017415T04:28:07 9.9886 46.9512 2017.288 9.98859722222
2017415T04:28:08 9.98888 46.9512 2017.288 9.98887777778
2017415T04:35:05 10.1048 46.9512 2017.288 10.104825
2017415T04:35:06 10.1051 46.9512 2017.288 10.1051027778
2017415T04:35:07 10.1054 46.9512 2017.288 10.1053833333
2017415T04:35:08 10.1057 46.9512 2017.288 10.1056611111
2017415T04:35:09 10.1059 46.9512 2017.288 10.1059416667
2017415T04:35:10 10.1062 46.9512 2017.288 10.1062194444
2017415T04:35:11 10.1065 46.9512 2017.288 10.1065
2017415T04:35:12 10.1068 46.9512 2017.288 10.1067777778
2017415T04:35:13 10.1071 46.9512 2017.288 10.1070583333
2017415T04:35:14 10.1073 46.9512 2017.288 10.1073361111
2017415T04:35:15 10.1076 46.9512 2017.288 10.1076166667
2017415T04:35:16 10.1079 46.9512 2017.288 10.1078944444
2017415T04:35:17 10.1082 46.9512 2017.288 10.108175
2017415T04:35:18 10.1085 46.9512 2017.288 10.1084527778
2017415T04:35:19 10.1087 46.9512 2017.288 10.1087333333
2017415T04:35:20 10.109 46.9512 2017.288 10.1090111111
2017415T04:35:21 10.1093 46.9512 2017.288 10.1092916667
2017415T04:35:22 10.1096 46.9512 2017.288 10.1095694444
2017415T04:35:23 10.1098 46.9512 2017.288 10.10985
2017415T04:35:24 10.1101 46.9512 2017.288 10.1101277778
2017415T04:35:25 10.1104 46.9512 2017.288 10.1104083333
2017415T04:35:26 10.1107 46.9512 2017.288 10.1106861111
2017415T04:35:27 10.111 46.9512 2017.288 10.1109666667
2017415T04:35:28 10.1112 46.9512 2017.288 10.1112444444
2017415T04:35:29 10.1115 46.9512 2017.288 10.111525
2017415T04:35:30 10.1118 46.9512 2017.288 10.1118027778
2017415T04:35:31 10.1121 46.9512 2017.288 10.1120833333
2017415T04:35:32 10.1124 46.9512 2017.288 10.1123611111
2017415T04:35:33 10.1126 46.9512 2017.288 10.1126388889
2017415T04:35:34 10.1129 46.9512 2017.288 10.1129194444
2017415T04:35:35 10.1132 46.9512 2017.288 10.1131972222
2017415T04:35:36 10.1135 46.9512 2017.288 10.1134777778
2017415T04:35:37 10.1138 46.9512 2017.288 10.1137555556
2017415T04:35:38 10.114 46.9512 2017.288 10.1140361111
2017415T04:35:39 10.1143 46.9512 2017.288 10.1143138889
2017415T04:35:40 10.1146 46.9512 2017.288 10.1145944444
2017415T04:35:41 10.1149 46.9512 2017.288 10.1148722222
2017415T04:35:42 10.1152 46.9512 2017.288 10.1151527778
2017415T04:35:43 10.1154 46.9512 2017.288 10.1154305556
2017415T04:35:44 10.1157 46.9512 2017.288 10.1157111111
2017415T04:35:45 10.116 46.9512 2017.288 10.1159888889
2017415T04:35:46 10.1163 46.9512 2017.288 10.1162666667
2017415T04:35:47 10.1165 46.9512 2017.288 10.1165472222
2017415T04:35:48 10.1168 46.9512 2017.288 10.116825
2017415T04:35:49 10.1171 46.9512 2017.288 10.1171055556
2017415T04:35:50 10.1174 46.9512 2017.288 10.1173833333
2017415T04:35:51 10.1177 46.9512 2017.288 10.1176638889
2017415T04:35:52 10.1179 46.9512 2017.288 10.1179416667
2017415T04:35:53 10.1182 46.9512 2017.288 10.1182222222
2017415T04:35:54 10.1185 46.9512 2017.288 10.1185
2017415T04:35:55 10.1188 46.9512 2017.288 10.1187805556
2017415T04:35:56 10.1191 46.9512 2017.288 10.1190583333
2017415T04:35:57 10.1193 46.9512 2017.288 10.1193388889
2017415T04:35:58 10.1196 46.9512 2017.288 10.1196166667
2017415T04:35:59 10.1199 46.9512 2017.288 10.1198972222
2017415T04:36:00 10.1202 46.9512 2017.288 10.120175
2017415T04:36:01 10.1205 46.9512 2017.288 10.1204527778
2017415T04:36:02 10.1207 46.9512 2017.288 10.1207333333
2017415T04:36:03 10.121 46.9512 2017.288 10.1210111111
2017415T04:36:04 10.1213 46.9512 2017.288 10.1212916667
2017415T04:36:05 10.1216 46.9512 2017.288 10.1215694444
2017415T04:36:06 10.1218 46.9512 2017.288 10.12185
2017415T04:36:07 10.1221 46.9512 2017.288 10.1221277778
2017415T04:36:08 10.1224 46.9512 2017.288 10.1224083333
2017415T04:36:09 10.1227 46.9512 2017.288 10.1226861111
2017415T04:36:10 10.123 46.9512 2017.288 10.1229666667
2017415T04:36:11 10.1232 46.9512 2017.288 10.1232444444
2017415T04:36:12 10.1235 46.9512 2017.288 10.123525
2017415T04:36:13 10.1238 46.9512 2017.288 10.1238027778
2017415T04:36:14 10.1241 46.9512 2017.288 10.1240833333
2017415T04:36:15 10.1244 46.9512 2017.288 10.1243611111
2017415T04:36:16 10.1246 46.9512 2017.288 10.1246416667
2017415T04:36:17 10.1249 46.9512 2017.288 10.1249194444
2017415T04:36:18 10.1252 46.9512 2017.288 10.1252
2017415T04:36:19 10.1255 46.9512 2017.288 10.1254777778
2017415T04:36:20 10.1258 46.9512 2017.288 10.1257583333
2017415T04:36:21 10.126 46.9512 2017.288 10.1260361111
2017415T04:36:22 10.1263 46.9512 2017.288 10.1263166667
2017415T04:36:23 10.1266 46.9512 2017.288 10.1265944444
2017415T04:36:24 10.1269 46.9512 2017.288 10.1268722222
2017415T04:36:25 10.1272 46.9512 2017.288 10.1271527778
2017415T04:36:26 10.1274 46.9512 2017.288 10.1274305556
2017415T04:36:27 10.1277 46.9512 2017.288 10.1277111111
2017415T04:36:28 10.128 46.9512 2017.288 10.1279888889
2017415T04:36:29 10.1283 46.9512 2017.288 10.1282694444
2017415T04:36:30 10.1285 46.9512 2017.288 10.1285472222
2017415T04:36:31 10.1288 46.9512 2017.288 10.128825
2017415T04:36:32 10.1291 46.9512 2017.288 10.1291055556
2017415T04:36:33 10.1294 46.9512 2017.288 10.1293833333
2017415T04:36:34 10.1297 46.9512 2017.288 10.1296638889
2017415T04:36:35 10.1299 46.9512 2017.288 10.1299416667
2017415T04:36:36 10.1302 46.9512 2017.288 10.1302222222
2017415T04:36:37 10.1305 46.9512 2017.288 10.1305
2017415T04:36:38 10.1308 46.9512 2017.288 10.1307805556
2017415T04:36:39 10.1311 46.9512 2017.288 10.1310583333
2017415T04:36:40 10.1313 46.9512 2017.288 10.1313388889
2017415T04:36:41 10.1316 46.9512 2017.288 10.1316166667
2017415T04:36:42 10.1319 46.9512 2017.288 10.1318972222
2017415T04:36:43 10.1322 46.9512 2017.288 10.132175
2017415T04:36:44 10.1325 46.9512 2017.288 10.1324527778
2017415T04:36:45 10.1327 46.9512 2017.288 10.1327333333
2017415T04:36:46 10.133 46.9512 2017.288 10.1330111111
2017415T04:36:47 10.1333 46.9512 2017.288 10.1332916667
2017415T04:36:48 10.1336 46.9512 2017.288 10.1335694444
2017415T04:36:49 10.1338 46.9512 2017.288 10.13385
2017415T04:36:50 10.1341 46.9512 2017.288 10.1341277778
2017415T04:36:51 10.1344 46.9512 2017.288 10.1344083333
2017415T04:36:52 10.1347 46.9512 2017.288 10.1346861111
2017415T04:36:53 10.135 46.9512 2017.288 10.1349666667
2017415T04:36:54 10.1352 46.9512 2017.288 10.1352444444
2017415T04:36:55 10.1355 46.9512 2017.288 10.135525
2017415T04:36:56 10.1358 46.9512 2017.288 10.1358027778
2017415T04:36:57 10.1361 46.9512 2017.288 10.1360833333
2017415T04:36:58 10.1364 46.9512 2017.288 10.1363611111
2017415T04:36:59 10.1366 46.9512 2017.288 10.1366416667
2017415T04:37:00 10.1369 46.9512 2017.288 10.1369194444
2017415T04:37:01 10.1372 46.9512 2017.288 10.1371972222
2017415T04:37:02 10.1375 46.9512 2017.288 10.1374777778
2017415T04:37:03 10.1378 46.9512 2017.288 10.1377555556
2017415T04:37:04 10.138 46.9512 2017.288 10.1380361111
2017415T04:37:05 10.1383 46.9512 2017.288 10.1383138889
2017415T04:37:06 10.1386 46.9512 2017.288 10.1385944444
2017415T04:37:07 10.1389 46.9512 2017.288 10.1388722222
2017415T04:37:08 10.1392 46.9512 2017.288 10.1391527778
2017415T04:37:09 10.1394 46.9512 2017.288 10.1394305556
2017415T04:37:10 10.1397 46.9512 2017.288 10.1397111111
2017415T04:37:11 10.14 46.9512 2017.288 10.1399888889
2017415T04:37:12 10.1403 46.9512 2017.288 10.1402694444
2017415T04:37:13 10.1405 46.9512 2017.288 10.1405472222
2017415T04:37:14 10.1408 46.9512 2017.288 10.1408277778
2017415T04:37:15 10.1411 46.9512 2017.288 10.1411055556
2017415T04:37:16 10.1414 46.9512 2017.288 10.1413861111
2017415T04:37:17 10.1417 46.9512 2017.288 10.1416638889
2017415T04:37:18 10.1419 46.9512 2017.288 10.1419444444
2017415T04:37:19 10.1422 46.9512 2017.288 10.1422222222
2017415T04:37:20 10.1425 46.9512 2017.288 10.1425027778
2017415T04:37:21 10.1428 46.9512 2017.288 10.1427805556
2017415T04:37:22 10.1431 46.9512 2017.288 10.1430611111
2017415T04:37:23 10.1433 46.9512 2017.288 10.1433388889
2017415T04:37:24 10.1436 46.9512 2017.288 10.1436194444
2017415T04:37:25 10.1439 46.9512 2017.288 10.1438972222
2017415T04:37:26 10.1442 46.9512 2017.288 10.1441777778
2017415T04:37:27 10.1445 46.9512 2017.288 10.1444555556
2017415T04:37:28 10.1447 46.9512 2017.288 10.1447361111
2017415T04:37:29 10.145 46.9512 2017.288 10.1450138889
2017415T04:37:30 10.1453 46.9512 2017.288 10.1452944444
2017415T04:37:31 10.1456 46.9512 2017.288 10.1455722222
2017415T04:37:32 10.1458 46.9512 2017.288 10.14585
2017415T04:37:33 10.1461 46.9512 2017.288 10.1461305556
2017415T04:37:34 10.1464 46.9512 2017.288 10.1464083333
2017415T04:37:35 10.1467 46.9512 2017.288 10.1466888889
2017415T04:37:36 10.147 46.9512 2017.288 10.1469666667
2017415T04:37:37 10.1472 46.9512 2017.288 10.1472472222
2017415T04:37:38 10.1475 46.9512 2017.288 10.147525
2017415T04:37:39 10.1478 46.9512 2017.288 10.1478055556
2017415T04:37:40 10.1481 46.9512 2017.288 10.1480833333
2017415T04:37:41 10.1484 46.9512 2017.288 10.1483638889
2017415T04:37:42 10.1486 46.9512 2017.288 10.1486416667
2017415T04:38:29 10.1618 46.9516 2017.288 10.1618444444
2017415T04:38:30 10.1621 46.9516 2017.288 10.1621222222
2017415T04:38:31 10.1624 46.9516 2017.288 10.1624027778
2017415T04:38:32 10.1627 46.9516 2017.288 10.1626833333
2017415T04:38:33 10.163 46.9516 2017.288 10.1629638889
2017415T04:38:34 10.1632 46.9516 2017.288 10.1632416667
2017415T04:38:35 10.1635 46.9516 2017.288 10.1635222222
2017415T04:38:36 10.1638 46.9516 2017.288 10.1638
2017415T04:38:37 10.1641 46.9512 2017.288 10.1640805556
2017415T04:38:38 10.1644 46.9512 2017.288 10.1643611111
2017415T04:38:39 10.1646 46.9512 2017.288 10.1646388889
2017415T04:38:40 10.1649 46.9512 2017.288 10.1649194444
2017415T04:38:41 10.1652 46.9512 2017.288 10.1651972222
2017415T04:38:42 10.1655 46.9512 2017.288 10.1654777778
2017415T04:38:43 10.1658 46.9512 2017.288 10.1657555556
2017415T04:38:44 10.1499 46.9512 2017.288 10.1660361111
2017415T04:38:45 10.1427 46.9512 2017.288 10.1663138889
2017415T04:38:46 10.1429 46.9512 2017.288 10.1665944444
2017415T04:38:47 10.1432 46.9512 2017.288 10.1668722222
2017415T04:38:48 10.142 46.9512 2017.288 10.1671527778
2017415T04:38:49 10.1201 46.9513 2017.288 10.1674333333
2017415T04:38:50 10.1204 46.9513 2017.288 10.1677111111
2017415T04:38:51 10.1207 46.9513 2017.288 10.1679916667
2017415T04:38:52 10.121 46.9513 2017.288 10.1682694444
2017415T04:38:53 10.1212 46.9513 2017.288 10.16855
2017415T04:38:54 10.1215 46.9513 2017.288 10.1688277778
2017415T04:38:55 10.1218 46.9865 2017.288 10.1691083333
2017415T04:38:56 10.1221 47.5244 2017.288 10.1693861111
2017415T04:38:57 10.1224 47.6343 2017.288 10.1696638889
2017415T04:38:58 10.1226 47.6343 2017.288 10.1699444444
2017415T04:38:59 10.1229 47.5744 2017.288 10.170225
2017415T04:39:00 10.1232 46.8638 2017.288 10.1705027778
2017415T04:39:01 10.1235 46.4221 2017.288 10.1707833333
2017415T04:39:02 10.1238 46.4218 2017.288 10.1710611111
2017415T04:39:03 10.124 46.4218 2017.288 10.1713416667
2017415T04:39:04 10.1243 46.4218 2017.288 10.1716194444
2017415T04:39:05 10.1246 46.4218 2017.288 10.1718972222
2017415T04:39:06 10.1249 46.4218 2017.288 10.1721777778
2017415T04:39:07 10.1252 46.4218 2017.288 10.1724555556
2017415T04:39:08 10.1254 46.4218 2017.288 10.1727361111
2017415T04:39:09 10.1257 46.4218 2017.288 10.1730138889
2017415T04:39:10 10.126 46.4218 2017.288 10.1732944444
2017415T04:39:11 10.1263 46.4218 2017.288 10.1735722222
2017415T04:39:12 10.1266 46.4218 2017.288 10.1738527778
2017415T04:39:13 10.1268 46.4218 2017.288 10.1741305556
2017415T04:39:14 10.1271 46.4218 2017.288 10.1744111111
2017415T04:39:15 10.1274 46.4218 2017.288 10.1746888889
2017415T04:39:16 10.1277 46.4218 2017.288 10.1749694444
2017415T04:39:17 10.1279 46.4218 2017.288 10.1752472222
2017415T04:39:18 10.1282 46.4218 2017.288 10.1755277778
2017415T04:39:19 10.1285 46.4218 2017.288 10.1758055556
2017415T04:39:20 10.1288 46.5841 2017.288 10.1760861111
2017415T04:39:21 10.1291 47.0909 2017.288 10.1763638889
2017415T04:39:22 10.1293 47.1046 2017.288 10.1766444444
2017415T04:39:23 10.1296 47.1046 2017.288 10.1769222222
2017415T04:39:24 10.1299 47.1046 2017.288 10.1772027778
2017415T04:39:25 10.1302 47.1046 2017.288 10.1774805556
2017415T04:39:26 10.1305 47.1046 2017.288 10.1777611111
2017415T04:39:27 10.1307 47.1046 2017.288 10.1780388889
2017415T04:39:28 10.1392 47.1046 2017.288 10.1783194444
2017415T04:39:29 10.2046 47.1046 2017.288 10.1785972222
2017415T04:39:30 10.2707 47.1048 2017.288 10.1788777778
2017415T04:39:31 10.2794 47.1048 2017.288 10.1791555556
2017415T04:39:32 10.2797 47.1048 2017.288 10.1794361111
2017415T04:39:33 10.28 47.1048 2017.288 10.1797138889
2017415T04:39:34 10.2803 47.1048 2017.288 10.1799944444
2017415T04:39:35 10.2806 47.1048 2017.288 10.1802722222
2017415T04:39:36 10.2809 47.1048 2017.288 10.18055
2017415T04:39:37 10.2811 47.1048 2017.288 10.1808305556
2017415T04:39:38 10.2814 47.1048 2017.288 10.1811083333
2017415T04:39:39 10.2817 47.1048 2017.288 10.1813888889
2017415T04:39:40 10.282 47.1048 2017.288 10.1816666667
2017415T04:39:41 10.2822 47.1048 2017.288 10.1819472222
2017415T04:39:42 10.2825 47.1048 2017.288 10.182225
2017415T04:39:43 10.2828 47.1048 2017.288 10.1825055556
2017415T04:39:44 10.2831 47.1048 2017.288 10.1827833333
2017415T04:39:45 10.2834 47.1048 2017.288 10.1830611111
2017415T04:39:46 10.2836 47.1048 2017.288 10.1833416667
2017415T04:39:47 10.2839 47.1048 2017.288 10.1836194444
2017415T04:39:48 10.2842 47.1048 2017.288 10.1839
2017415T04:39:49 10.2845 47.1048 2017.288 10.1841777778
2017415T04:39:50 10.2848 47.1276 2017.288 10.1844583333
2017415T04:39:51 10.285 47.7476 2017.288 10.1847361111
2017415T04:39:52 10.2853 49.0463 2017.288 10.1850166667
2017415T04:39:53 10.2856 49.774 2017.288 10.1852944444
2017415T04:39:54 10.2859 49.8317 2017.288 10.1855722222
2017415T04:39:55 10.2862 49.8317 2017.288 10.1858527778
2017415T04:39:56 10.2864 49.8317 2017.288 10.1861305556
2017415T04:39:57 10.2867 49.8317 2017.288 10.1864111111
2017415T04:39:58 10.287 49.8317 2017.288 10.1866888889
2017415T04:39:59 10.2873 49.8318 2017.288 10.1869694444
2017415T04:40:00 10.2875 49.8318 2017.288 10.1872472222
2017415T04:40:01 10.2878 49.8318 2017.288 10.1875277778
2017415T04:40:02 10.2881 49.8318 2017.288 10.1878055556
2017415T04:40:03 10.2884 49.8318 2017.288 10.1880833333
2017415T04:40:04 10.2887 49.8318 2017.288 10.1883638889
2017415T04:40:05 10.2889 49.8318 2017.288 10.1886416667
2017415T04:40:06 10.1889 46.9512 2017.288 10.1889222222
2017415T04:40:08 10.2895 49.8318 2017.288 10.1892
2017415T04:40:09 10.2898 49.8318 2017.288 10.1894805556
2017415T04:40:10 10.2901 49.8318 2017.288 10.1897583333
2017415T04:40:11 10.2903 49.8318 2017.288 10.1900388889
2017415T04:40:12 10.2906 49.8318 2017.288 10.1903166667
2017415T04:40:13 10.2909 49.8318 2017.288 10.1905944444
2017415T04:40:14 10.2912 49.8318 2017.288 10.190875
2017415T04:40:15 10.2915 49.8318 2017.288 10.1911527778
2017415T04:40:16 10.2917 49.8318 2017.288 10.1914333333
2017415T04:40:17 10.292 49.8318 2017.288 10.1917111111
2017415T04:40:18 10.2923 49.8318 2017.288 10.1919916667
2017415T04:40:19 10.2926 49.8318 2017.288 10.1922722222
2017415T04:40:20 10.2929 49.8318 2017.288 10.19255
2017415T04:40:21 10.2931 49.8318 2017.288 10.1928305556
2017415T04:40:22 10.2934 49.8318 2017.288 10.1931083333
2017415T04:40:23 10.2937 49.8318 2017.288 10.1933888889
2017415T04:40:24 10.294 49.8318 2017.288 10.1936666667
2017415T04:40:25 10.2942 49.8318 2017.288 10.1939472222
2017415T04:40:26 10.2945 49.8318 2017.288 10.194225
2017415T04:40:27 10.2948 49.8318 2017.288 10.1945055556
2017415T04:40:28 10.2951 49.8318 2017.288 10.1947833333
2017415T04:40:29 10.2954 49.8318 2017.288 10.1950638889
2017415T04:40:30 10.2956 49.8318 2017.288 10.1953416667
2017415T04:40:31 10.2959 49.8318 2017.288 10.1956222222
2017415T04:40:32 10.2962 49.8318 2017.288 10.1959
2017415T04:40:33 10.2965 49.8318 2017.288 10.1961805556
2017415T04:40:34 10.2968 49.8318 2017.288 10.1964583333
2017415T04:40:35 10.297 49.8318 2017.288 10.1967388889
2017415T04:40:36 10.2973 49.8318 2017.288 10.1970166667
2017415T04:40:37 10.2976 49.8318 2017.288 10.1972972222
2017415T04:40:38 10.2979 49.8318 2017.288 10.197575
2017415T04:40:39 10.2982 49.8318 2017.288 10.1978527778
2017415T04:40:40 10.2984 49.8318 2017.288 10.1981333333
2017415T04:40:41 10.2987 49.8318 2017.288 10.1984111111
2017415T04:40:42 10.299 49.8318 2017.288 10.1986916667
2017415T04:40:43 10.2993 49.8318 2017.288 10.1989694444
2017415T04:40:44 10.2996 49.8318 2017.288 10.19925
2017415T04:40:45 10.2998 49.8318 2017.288 10.1995277778
2017415T04:40:46 10.3001 49.8318 2017.288 10.1998083333
2017415T04:40:47 10.3004 49.8318 2017.288 10.2000861111
2017415T04:40:48 10.3007 49.8318 2017.288 10.2003638889
2017415T04:40:49 10.3009 49.8318 2017.288 10.2006444444
2017415T04:40:50 10.3012 49.8318 2017.288 10.2009222222
2017415T04:40:51 10.3015 49.8318 2017.288 10.2012027778
2017415T04:40:52 10.3018 49.8318 2017.288 10.2014805556
2017415T04:40:53 10.3021 49.8318 2017.288 10.2017611111
2017415T04:40:54 10.3023 49.8318 2017.288 10.2020388889
2017415T04:40:55 10.3026 49.8318 2017.288 10.2023194444
2017415T04:40:56 10.3029 49.8318 2017.288 10.2025972222
2017415T04:40:57 10.3032 49.8318 2017.288 10.202875
2017415T04:40:58 10.3035 49.8318 2017.288 10.2031555556
2017415T04:40:59 10.3037 49.8318 2017.288 10.2034333333
2017415T04:41:00 10.304 49.8318 2017.288 10.2037138889
2017415T04:41:01 10.3043 49.8318 2017.288 10.2039916667
2017415T04:41:02 10.3046 49.8318 2017.288 10.2042722222
2017415T04:41:03 10.3049 49.8318 2017.288 10.20455
2017415T04:41:04 10.3051 49.8318 2017.288 10.2048277778
2017415T04:41:05 10.3054 49.8318 2017.288 10.2051083333
2017415T04:41:06 10.3057 49.8318 2017.288 10.2053861111
2017415T04:41:07 10.306 49.8318 2017.288 10.2056666667
2017415T04:41:08 10.3062 49.8318 2017.288 10.2059444444
2017415T04:41:09 10.3065 49.8318 2017.288 10.206225
2017415T04:41:10 10.3068 49.8318 2017.288 10.2065027778
2017415T04:41:11 10.3071 49.8318 2017.288 10.2067805556
2017415T04:41:12 10.3074 49.8318 2017.288 10.2070611111
2017415T04:41:13 10.3076 49.8318 2017.288 10.2073388889
2017415T04:41:14 10.3079 49.8318 2017.288 10.2076194444
2017415T04:41:15 10.3082 49.8318 2017.288 10.2078972222
2017415T04:41:16 10.3085 49.8318 2017.288 10.208175
2017415T04:41:17 10.3088 49.8318 2017.288 10.2084555556
2017415T04:41:18 10.309 49.8318 2017.288 10.2087333333
2017415T04:41:19 10.3093 49.8318 2017.288 10.2090138889
2017415T04:41:20 10.3096 49.8318 2017.288 10.2092944444
2017415T04:41:21 10.3099 49.8318 2017.288 10.209575
2017415T04:41:22 10.3102 49.8318 2017.288 10.2098527778
2017415T04:41:23 10.3104 49.8318 2017.288 10.2101333333
2017415T04:41:24 10.3107 49.8318 2017.288 10.2104111111
2017415T04:41:25 10.311 49.8318 2017.288 10.2106916667
2017415T04:41:26 10.3113 49.8318 2017.288 10.2109694444
2017415T04:41:27 10.3115 49.8318 2017.288 10.21125
2017415T04:41:28 10.3118 49.8318 2017.288 10.2115277778
2017415T04:41:29 10.3121 49.8318 2017.288 10.2118083333
2017415T04:41:30 10.3124 49.8318 2017.288 10.2120861111
2017415T04:41:31 10.3127 49.8318 2017.288 10.2123666667
2017415T04:41:32 10.3129 49.8318 2017.288 10.2126444444
2017415T04:41:33 10.3132 49.8318 2017.288 10.212925
2017415T04:41:34 10.3135 49.8318 2017.288 10.2132027778
2017415T04:41:35 10.3138 49.8318 2017.288 10.2134833333
2017415T04:41:36 10.3141 49.8318 2017.288 10.2137611111
2017415T04:41:37 10.3143 49.8318 2017.288 10.2140416667
2017415T04:41:38 10.3146 49.8318 2017.288 10.2143194444
2017415T04:41:39 10.3149 49.8318 2017.288 10.2146
2017415T04:41:40 10.3152 49.8318 2017.288 10.2148777778
2017415T04:41:41 10.3155 49.8318 2017.288 10.2151583333
2017415T04:41:42 10.3157 49.8318 2017.288 10.2154361111
2017415T04:41:43 10.316 49.8318 2017.288 10.2157166667
2017415T04:41:44 10.3163 49.8318 2017.288 10.2159944444
2017415T04:41:45 10.3166 49.8318 2017.288 10.216275
2017415T04:41:46 10.3169 49.8318 2017.288 10.2165527778
2017415T04:41:47 10.3171 49.8318 2017.288 10.2168333333
2017415T04:41:48 10.3174 49.8318 2017.288 10.2171138889
2017415T04:41:49 10.3177 49.8318 2017.288 10.2173916667
2017415T04:41:50 10.318 49.8318 2017.288 10.2176722222
2017415T04:41:51 10.3182 49.8318 2017.288 10.21795
2017415T04:41:52 10.3185 49.8318 2017.288 10.2182305556
2017415T04:41:53 10.3188 49.8318 2017.288 10.2185083333
2017415T04:41:54 10.3191 49.8318 2017.288 10.2187888889
2017415T04:41:55 10.3194 49.8318 2017.288 10.2190666667
2017415T04:41:56 10.3196 49.8318 2017.288 10.2193472222
2017415T04:41:57 10.3199 49.8318 2017.288 10.219625
2017415T04:41:58 10.3202 49.8318 2017.288 10.2199055556
2017415T04:41:59 10.3205 49.8318 2017.288 10.2201833333
2017415T04:42:00 10.3208 49.8318 2017.288 10.2204638889
2017415T04:42:01 10.321 49.8318 2017.288 10.2207416667
2017415T04:42:02 10.3213 49.8318 2017.288 10.2210194444
2017415T04:42:03 10.3216 49.8318 2017.288 10.2213
2017415T04:42:04 10.3219 49.8318 2017.288 10.2215777778
2017415T04:42:05 10.3222 49.8318 2017.288 10.2218583333
2017415T04:42:06 10.3224 49.8318 2017.288 10.2221361111
2017415T04:42:07 10.3227 49.8318 2017.288 10.2224166667
2017415T04:42:08 10.323 49.8318 2017.288 10.2226944444
2017415T04:42:09 10.3233 49.8318 2017.288 10.222975
2017415T04:42:10 10.3236 49.8318 2017.288 10.2232527778
2017415T04:42:11 10.3238 49.8318 2017.288 10.2235333333
2017415T04:42:12 10.3241 49.8318 2017.288 10.2238138889
2017415T04:42:13 10.3244 49.8318 2017.288 10.2240916667
2017415T04:42:14 10.3247 49.8318 2017.288 10.2243722222
2017415T04:42:15 10.3249 49.8318 2017.288 10.22465
2017415T04:42:16 10.3252 49.8318 2017.288 10.2249277778
2017415T04:42:17 10.3255 49.8318 2017.288 10.2252083333
2017415T04:42:18 10.3258 49.8318 2017.288 10.2254861111
2017415T04:42:19 10.3261 49.8318 2017.288 10.2257666667
2017415T04:42:20 10.3263 49.8318 2017.288 10.2260444444
2017415T04:42:21 10.3266 49.8318 2017.288 10.226325
2017415T04:42:22 10.3269 49.8318 2017.288 10.2266027778
2017415T04:42:23 10.3272 49.8318 2017.288 10.2268833333
2017415T04:42:24 10.3275 49.8318 2017.288 10.2271611111
2017415T04:42:25 10.3277 49.8318 2017.288 10.2274416667
2017415T04:42:26 10.328 49.8318 2017.288 10.2277194444
2017415T04:42:27 10.3283 49.8318 2017.288 10.228
2017415T04:42:28 10.3286 49.8318 2017.288 10.2282805556
2017415T04:42:29 10.3289 49.8318 2017.288 10.2285583333
2017415T04:42:30 10.3291 49.8318 2017.288 10.2288388889
2017415T04:42:31 10.3294 49.8318 2017.288 10.2291166667
2017415T04:42:32 10.3297 49.8318 2017.288 10.2293972222
2017415T04:42:33 10.33 49.8318 2017.288 10.229675
2017415T04:42:34 10.3303 49.8318 2017.288 10.2299555556
2017415T04:42:35 10.3305 49.8318 2017.288 10.2302333333
2017415T04:42:36 10.3308 49.8318 2017.288 10.2305138889
2017415T04:42:37 10.3311 49.8318 2017.288 10.2307916667
2017415T04:42:38 10.3314 49.8318 2017.288 10.2310722222
2017415T04:42:39 10.3316 49.8318 2017.288 10.23135
2017415T04:42:40 10.3319 49.8318 2017.288 10.2316305556
2017415T04:42:41 10.3322 49.8318 2017.288 10.2319083333
2017415T04:42:42 10.3325 49.8318 2017.288 10.2321888889
2017415T04:42:43 10.3328 49.8318 2017.288 10.2324666667
2017415T04:42:44 10.333 49.8318 2017.288 10.2327472222
2017415T04:42:45 10.3333 49.8318 2017.288 10.233025
2017415T04:42:46 10.3336 49.8318 2017.288 10.2333055556
2017415T04:42:47 10.3339 49.8318 2017.288 10.2335833333
2017415T04:42:48 10.3342 49.8318 2017.288 10.2338638889
2017415T04:42:49 10.3344 49.8318 2017.288 10.2341416667
2017415T04:42:50 10.3347 49.8318 2017.288 10.2344222222
2017415T04:42:51 10.335 49.8318 2017.288 10.2347
2017415T04:42:52 10.3353 49.8318 2017.288 10.2349805556
2017415T04:42:53 10.3356 49.8318 2017.288 10.2352583333
2017415T04:42:54 10.3358 49.8318 2017.288 10.2355388889
2017415T04:42:55 10.3361 49.8318 2017.288 10.2358166667
2017415T04:42:56 10.3364 49.8318 2017.288 10.2360972222
2017415T04:42:57 10.3367 49.8318 2017.288 10.236375
2017415T04:42:58 10.337 49.8318 2017.288 10.2366527778
2017415T04:42:59 10.3372 49.8318 2017.288 10.2369333333
2017415T04:43:00 10.3375 49.8318 2017.288 10.2372111111
2017415T04:43:01 10.3378 49.8318 2017.288 10.2374916667
2017415T04:43:02 10.3381 49.8318 2017.288 10.2377694444
2017415T04:43:03 10.3383 49.8318 2017.288 10.23805
2017415T04:43:04 10.3386 49.8318 2017.288 10.2383277778
2017415T04:43:05 10.3389 49.8318 2017.288 10.2386083333
2017415T04:43:06 10.3392 49.8318 2017.288 10.2388861111
2017415T04:43:07 10.3395 49.8318 2017.288 10.2391666667
2017415T04:43:08 10.3397 49.8318 2017.288 10.2394444444
2017415T04:43:09 10.34 49.8318 2017.288 10.2397222222
2017415T04:43:10 10.3403 49.8318 2017.288 10.2400027778
2017415T04:43:11 10.3406 49.8318 2017.288 10.2402805556
2017415T04:43:12 10.3409 49.8318 2017.288 10.2405611111
2017415T04:43:13 10.3411 49.8318 2017.288 10.2408388889
2017415T04:43:14 10.3414 49.8318 2017.288 10.2411194444
2017415T04:43:15 10.3417 49.8318 2017.288 10.2413972222
2017415T04:43:16 10.342 49.8318 2017.288 10.2416777778
2017415T04:43:17 10.3423 49.8318 2017.288 10.2419555556
2017415T04:43:18 10.3425 49.8318 2017.288 10.2422361111
2017415T04:43:19 10.3428 49.8318 2017.288 10.2425138889
2017415T04:43:20 10.3431 49.8318 2017.288 10.2427944444
2017415T04:43:21 10.3434 49.8318 2017.288 10.2430722222
2017415T04:43:22 10.3437 49.8318 2017.288 10.2433527778
2017415T04:43:23 10.3439 49.8318 2017.288 10.2436305556
2017415T04:43:24 10.3442 49.8318 2017.288 10.2439083333
2017415T04:43:25 10.3445 49.8318 2017.288 10.2441888889
2017415T04:43:26 10.3448 49.8318 2017.288 10.2444666667
2017415T04:43:27 10.345 49.8318 2017.288 10.2447472222
2017415T04:43:28 10.3453 49.8318 2017.288 10.2450277778
2017415T04:43:29 10.3456 49.8318 2017.288 10.2453055556
2017415T04:43:30 10.3459 49.8318 2017.288 10.2455861111
2017415T04:43:31 10.3462 49.8318 2017.288 10.2458638889
2017415T04:43:32 10.3464 49.8318 2017.288 10.2461444444
2017415T04:43:33 10.3467 49.8318 2017.288 10.2464222222
2017415T04:43:34 10.347 49.8318 2017.288 10.2467027778
2017415T04:43:35 10.3473 49.8318 2017.288 10.2469805556
2017415T04:43:36 10.3476 49.8318 2017.288 10.2472611111
2017415T04:43:37 10.3478 49.8318 2017.288 10.2475388889
2017415T04:43:38 10.3481 49.8318 2017.288 10.2478194444
2017415T04:43:39 10.3484 49.8318 2017.288 10.2480972222
2017415T04:43:40 10.3487 49.8318 2017.288 10.248375
2017415T04:43:41 10.349 49.8318 2017.288 10.2486555556
2017415T04:43:42 10.3492 49.8318 2017.288 10.2489333333
2017415T04:43:43 10.3495 49.8318 2017.288 10.2492138889
2017415T04:43:44 10.3498 49.8318 2017.288 10.2494916667
2017415T04:43:45 10.3501 49.8318 2017.288 10.2497722222
2017415T04:43:46 10.3503 49.8318 2017.288 10.25005
2017415T04:43:47 10.3506 49.8318 2017.288 10.2503305556
2017415T04:43:48 10.3509 49.8318 2017.288 10.2506083333
2017415T04:43:49 10.3512 49.8318 2017.288 10.2508888889
2017415T04:43:50 10.3515 49.8318 2017.288 10.2511666667
2017415T04:43:51 10.3517 49.8318 2017.288 10.2514472222
2017415T04:43:52 10.352 49.8318 2017.288 10.251725
2017415T04:43:53 10.3523 49.8318 2017.288 10.2520055556
2017415T04:43:54 10.3526 49.8318 2017.288 10.2522833333
2017415T04:43:55 10.3529 49.8318 2017.288 10.2525611111
2017415T04:43:56 10.3531 49.8318 2017.288 10.2528416667
2017415T04:43:57 10.3534 49.8318 2017.288 10.2531194444
2017415T04:43:58 10.3537 49.8318 2017.288 10.2534
2017415T04:43:59 10.354 49.8318 2017.288 10.2536777778
2017415T04:44:00 10.3543 49.8318 2017.288 10.2539555556
2017415T04:44:01 10.3545 49.8318 2017.288 10.2542361111
2017415T04:44:02 10.3548 49.8318 2017.288 10.2545138889
2017415T04:44:03 10.3551 49.8318 2017.288 10.2547944444
2017415T04:44:04 10.3554 49.8318 2017.288 10.2550722222
2017415T04:44:05 10.3556 49.8318 2017.288 10.25535
2017415T04:44:06 10.3559 49.8318 2017.288 10.2556305556
2017415T04:44:07 10.3562 49.8318 2017.288 10.2559083333
2017415T04:44:08 10.3565 49.8318 2017.288 10.2561888889
2017415T04:44:09 10.3568 49.8318 2017.288 10.2564666667
2017415T04:44:10 10.357 49.8318 2017.288 10.2567472222
2017415T04:44:11 10.3573 49.8318 2017.288 10.2570277778
2017415T04:44:12 10.3576 49.8318 2017.288 10.2573055556
2017415T04:44:13 10.3579 49.8318 2017.288 10.2575861111
2017415T04:44:14 10.3582 49.8318 2017.288 10.2578638889
2017415T04:44:15 10.3584 49.8318 2017.288 10.2581444444
2017415T04:44:16 10.3587 49.8318 2017.288 10.2584222222
2017415T04:44:17 10.359 49.8318 2017.288 10.2587027778
2017415T04:44:18 10.3593 49.8318 2017.288 10.2589805556
2017415T04:44:19 10.3596 49.8318 2017.288 10.2592611111
2017415T04:44:20 10.3598 49.8318 2017.288 10.2595388889
2017415T04:44:21 10.3601 49.8318 2017.288 10.2598194444
2017415T04:44:22 10.3604 49.8318 2017.288 10.2600972222
2017415T04:44:23 10.3607 49.8318 2017.288 10.2603777778
2017415T04:44:24 10.361 49.8318 2017.288 10.2606555556
2017415T04:44:25 10.3612 49.8318 2017.288 10.2609361111
2017415T04:44:26 10.3615 49.8318 2017.288 10.2612138889
2017415T04:44:27 10.3618 49.8318 2017.288 10.2614944444
2017415T04:44:28 10.3621 49.8318 2017.288 10.2617722222
2017415T04:44:29 10.3624 49.8318 2017.288 10.2620527778
2017415T04:44:30 10.3626 49.8318 2017.288 10.2623305556
2017415T04:44:31 10.3629 49.8318 2017.288 10.2626111111
2017415T04:44:32 10.3632 49.8318 2017.288 10.2628888889
2017415T04:44:33 10.3635 49.8318 2017.288 10.2631694444
2017415T04:44:34 10.3637 49.8318 2017.288 10.2634472222
2017415T04:44:35 10.364 49.8318 2017.288 10.2637277778
2017415T04:44:36 10.3643 49.8318 2017.288 10.2640055556
2017415T04:44:37 10.3646 49.8318 2017.288 10.2642861111
2017415T04:44:38 10.3649 49.8318 2017.288 10.2645638889
2017415T04:44:39 10.3651 49.8318 2017.288 10.2648444444
2017415T04:44:40 10.3654 49.8318 2017.288 10.2651222222
2017415T04:44:41 10.3657 49.8318 2017.288 10.2654027778
2017415T04:44:42 10.366 49.8318 2017.288 10.2656805556
2017415T04:44:43 10.3663 49.8318 2017.288 10.2659611111
2017415T04:44:44 10.3665 49.8318 2017.288 10.2662388889
2017415T04:44:45 10.3668 49.8318 2017.288 10.2665194444
2017415T04:44:46 10.3671 49.8318 2017.288 10.2667972222
2017415T04:44:47 10.3674 49.8318 2017.288 10.2670777778
2017415T04:44:48 10.3677 49.8318 2017.288 10.2673555556
2017415T04:44:49 10.3679 49.8318 2017.288 10.2676361111
2017415T04:44:50 10.3682 49.8318 2017.288 10.2679138889
2017415T04:44:51 10.3685 49.8318 2017.288 10.2681944444
2017415T04:44:52 10.3688 49.8318 2017.288 10.2684722222
2017415T04:44:53 10.3691 49.8318 2017.288 10.2687527778
2017415T04:44:54 10.3693 49.8318 2017.288 10.2690305556
2017415T04:44:55 10.3696 49.8318 2017.288 10.2693111111
2017415T04:44:56 10.3699 49.8318 2017.288 10.2695888889
2017415T04:44:57 10.3702 49.8318 2017.288 10.2698694444
2017415T04:44:58 10.3704 49.8318 2017.288 10.2701472222
2017415T04:44:59 10.3707 49.8318 2017.288 10.2704277778
2017415T04:45:00 10.371 49.8318 2017.288 10.2707055556
2017415T04:45:01 10.3713 49.8318 2017.288 10.2709861111
2017415T04:45:02 10.3716 49.8318 2017.288 10.2712638889
2017415T04:45:03 10.3718 49.8318 2017.288 10.2715444444
2017415T04:45:04 10.3721 49.8318 2017.288 10.2718222222
2017415T04:45:05 10.3724 49.8318 2017.288 10.2721027778
2017415T04:45:06 10.3727 49.8318 2017.288 10.2723805556
2017415T04:45:07 10.373 49.8318 2017.288 10.2726611111
2017415T04:45:08 10.3732 49.8318 2017.288 10.2729388889
2017415T04:45:09 10.3735 49.8318 2017.288 10.2732194444
2017415T04:45:10 10.3738 49.8318 2017.288 10.2734972222
2017415T04:45:11 10.3741 49.8318 2017.288 10.273775
2017415T04:45:12 10.3744 49.8318 2017.288 10.2740555556
2017415T04:45:13 10.3746 49.8318 2017.288 10.2743333333
2017415T04:45:14 10.3749 49.8318 2017.288 10.2746138889
2017415T04:45:15 10.3752 49.8318 2017.288 10.2748916667
2017415T04:45:16 10.3755 49.8318 2017.288 10.2751722222
2017415T04:45:17 10.3757 49.8318 2017.288 10.27545
2017415T04:45:18 10.376 49.8318 2017.288 10.2757305556
2017415T04:45:19 10.3763 49.8318 2017.288 10.2760083333
2017415T04:45:20 10.3766 49.8318 2017.288 10.2762888889
2017415T04:45:21 10.3769 49.8318 2017.288 10.2765666667
2017415T04:45:22 10.3771 49.8318 2017.288 10.2768472222
2017415T04:45:23 10.3774 49.8318 2017.288 10.277125
2017415T04:45:24 10.3777 49.8318 2017.288 10.2774055556
2017415T04:45:25 10.378 49.8318 2017.288 10.2776833333
2017415T04:45:26 10.3783 49.8318 2017.288 10.2779638889
2017415T04:45:27 10.3785 49.8318 2017.288 10.2782444444
2017415T04:45:28 10.3788 49.8318 2017.288 10.2785222222
2017415T04:45:29 10.3791 49.8318 2017.288 10.2788027778
2017415T04:45:30 10.3794 49.8318 2017.288 10.2790805556
2017415T04:45:31 10.3797 49.8318 2017.288 10.2793611111
2017415T04:45:32 10.3799 49.8318 2017.288 10.2796388889
2017415T04:45:33 10.3802 49.8318 2017.288 10.2799194444
2017415T04:45:34 10.3805 49.8318 2017.288 10.2801972222
2017415T04:45:35 10.3808 49.8318 2017.288 10.2804777778
2017415T04:45:36 10.3811 49.8318 2017.288 10.2807555556
2017415T04:45:37 10.3813 49.8318 2017.288 10.2810361111
2017415T04:45:38 10.3816 49.8318 2017.288 10.2813138889
2017415T04:45:39 10.3819 49.8318 2017.288 10.2815944444
2017415T04:45:40 10.3822 49.8318 2017.288 10.2818722222
2017415T04:45:41 10.3825 49.8318 2017.288 10.2821527778
2017415T04:45:42 10.3827 49.8318 2017.288 10.2824305556
2017415T04:45:43 10.383 49.8318 2017.288 10.2827111111
2017415T04:45:44 10.3833 49.8318 2017.288 10.2829888889
2017415T04:45:45 10.3836 49.8318 2017.288 10.2832694444
2017415T04:45:46 10.3838 49.8318 2017.288 10.2835472222
2017415T04:45:47 10.3841 49.8318 2017.288 10.2838277778
2017415T04:45:48 10.3844 49.8318 2017.288 10.2841055556
2017415T04:45:49 10.3847 49.8318 2017.288 10.2843861111
2017415T04:45:50 10.385 49.8318 2017.288 10.2846638889
2017415T04:45:51 10.3852 49.8318 2017.288 10.2849444444
2017415T04:45:52 10.3855 49.8318 2017.288 10.2852222222
2017415T04:45:53 10.3858 49.8318 2017.288 10.2855027778
2017415T04:45:54 10.3861 49.8318 2017.288 10.2857805556
2017415T04:45:55 10.3864 49.8318 2017.288 10.2860583333
2017415T04:45:56 10.3866 49.8318 2017.288 10.2863388889
2017415T04:45:57 10.3869 49.8318 2017.288 10.2866166667
2017415T04:45:58 10.3872 49.8318 2017.288 10.2868972222
2017415T04:45:59 10.3875 49.8318 2017.288 10.287175
2017415T04:46:59 10.4041 49.8318 2017.288 10.3037972222
2017415T04:47:00 10.4044 49.8318 2017.288 10.3040777778
2017415T04:47:01 10.4047 49.8318 2017.288 10.3043583333
2017415T04:47:02 10.4049 49.8318 2017.288 10.3046361111
2017415T04:47:03 10.4052 49.8318 2017.288 10.3049194444
2017415T04:47:04 10.4055 49.8318 2017.288 10.3052
2017415T04:47:05 10.4058 49.8318 2017.288 10.3054777778
2017415T04:47:06 10.4061 49.8318 2017.288 10.3057583333
2017415T04:47:07 10.4063 49.8318 2017.288 10.3060361111
2017415T04:47:08 10.4066 49.8318 2017.288 10.3063166667
2017415T04:47:09 10.4066 49.8318 2017.288 10.3065944444
2017415T04:47:10 10.4066 49.8318 2017.288 10.306875
2017415T04:47:11 10.4066 49.8318 2017.288 10.3071527778
2017415T04:47:12 10.4066 49.8318 2017.288 10.3074333333
2017415T04:47:13 10.4066 49.8318 2017.288 10.3077111111
2017415T04:47:14 10.4066 49.8318 2017.288 10.3079916667
2017415T04:47:15 10.4066 49.8318 2017.288 10.3082694444
2017415T04:47:16 10.4066 49.8318 2017.288 10.30855
2017415T04:47:17 10.4066 49.8318 2017.288 10.3088277778
2017415T04:47:18 10.4066 49.8318 2017.288 10.3091083333
2017415T04:47:19 10.4066 49.8318 2017.288 10.3093861111
2017415T04:47:20 10.4066 49.8318 2017.288 10.3096666667
2017415T04:47:21 10.4066 49.8318 2017.288 10.3099472222
2017415T04:47:22 10.4066 49.8318 2017.288 10.310225
2017415T04:47:23 10.4066 49.8318 2017.288 10.3105055556
2017415T04:47:24 10.4066 49.8318 2017.288 10.3107833333
2017415T04:47:25 10.4066 49.8318 2017.288 10.3110638889
2017415T04:47:26 10.4066 49.8318 2017.288 10.3113416667
2017415T04:47:27 10.4067 49.8318 2017.288 10.3116222222
2017415T04:47:28 10.4067 49.8318 2017.288 10.3119
2017415T04:47:29 10.4067 49.8318 2017.288 10.3121805556
2017415T04:47:30 10.4067 49.8318 2017.288 10.3124583333
2017415T04:47:31 10.4067 49.8318 2017.288 10.3127388889
2017415T04:47:32 10.4067 49.8318 2017.288 10.3130166667
2017415T04:47:33 10.4067 49.8318 2017.288 10.3132972222
2017415T04:47:34 10.4067 49.8318 2017.288 10.313575
2017415T04:47:35 10.4067 49.8318 2017.288 10.3138555556
2017415T04:47:36 10.4067 49.8318 2017.288 10.3141333333
2017415T04:47:37 10.4067 49.8318 2017.288 10.3144138889
2017415T04:47:38 10.4067 49.8318 2017.288 10.3146916667
2017415T04:47:39 10.4067 49.8318 2017.288 10.3149722222
2017415T04:47:40 10.4067 49.8318 2017.288 10.31525
2017415T04:47:41 10.4067 49.8318 2017.288 10.3155305556
2017415T04:47:42 10.4067 49.8318 2017.288 10.3158083333
2017415T04:47:43 10.4067 49.8318 2017.288 10.3160888889
2017415T04:47:44 10.4067 49.8318 2017.288 10.3163666667
2017415T04:47:45 10.4067 49.8318 2017.288 10.3166472222
2017415T04:47:46 10.4067 49.8318 2017.288 10.316925
2017415T04:47:47 10.4068 49.8318 2017.288 10.3172055556
2017415T04:47:48 10.4068 49.8318 2017.288 10.3174861111
2017415T04:47:49 10.4068 49.8318 2017.288 10.3177638889
2017415T04:47:50 10.4068 49.8318 2017.288 10.3180416667
2017415T04:47:51 10.4068 49.8318 2017.288 10.3183222222
2017415T04:47:52 10.4068 49.8318 2017.288 10.3186027778
2017415T04:47:53 10.4068 49.8318 2017.288 10.3188805556
2017415T04:47:54 10.4068 49.8318 2017.288 10.3191611111
2017415T04:47:55 10.4069 49.8318 2017.288 10.3194388889
2017415T04:47:56 10.4072 49.8318 2017.288 10.3197194444
2017415T04:47:57 10.4075 49.8318 2017.288 10.3199972222
2017415T04:47:58 10.4078 49.8318 2017.288 10.320275
2017415T04:47:59 10.408 49.8318 2017.288 10.3205555556
2017415T04:48:00 10.4083 49.8318 2017.288 10.3208333333
2017415T04:48:01 10.4085 49.8318 2017.288 10.3211138889
2017415T04:48:02 10.4085 49.8318 2017.288 10.3213916667
2017415T04:48:03 10.4085 49.8318 2017.288 10.3216722222
2017415T04:48:04 10.4085 49.8318 2017.288 10.32195
2017415T04:48:05 10.4085 49.8318 2017.288 10.3222305556
2017415T04:48:06 10.4085 49.8318 2017.288 10.3225083333
2017415T04:48:07 10.4085 49.8318 2017.288 10.3227888889
2017415T04:48:08 10.4085 49.8318 2017.288 10.3230666667
2017415T04:48:09 10.4085 49.8318 2017.288 10.3233472222
2017415T04:48:10 10.4085 49.8318 2017.288 10.323625
2017415T04:48:11 10.4085 49.8318 2017.288 10.3239055556
2017415T04:48:12 10.4086 49.8318 2017.288 10.3241833333
2017415T04:48:13 10.4086 49.8318 2017.288 10.3244638889
2017415T04:48:14 10.4086 49.8318 2017.288 10.3247416667
2017415T04:48:15 10.4086 49.8318 2017.288 10.3250194444
2017415T04:48:16 10.4086 49.8318 2017.288 10.3253
2017415T04:48:17 10.4086 49.8318 2017.288 10.3255777778
2017415T04:48:18 10.4086 49.8318 2017.288 10.3258583333
2017415T04:48:19 10.4086 49.8318 2017.288 10.3261361111
2017415T04:48:20 10.4086 49.8318 2017.288 10.3264166667
2017415T04:48:21 10.4087 49.8318 2017.288 10.3266944444
2017415T04:48:22 10.409 49.8318 2017.288 10.3269722222
2017415T04:48:23 10.4092 49.8318 2017.288 10.3272527778
2017415T04:48:24 10.4095 49.8318 2017.288 10.3275305556
2017415T04:48:25 10.4098 49.8318 2017.288 10.3278111111
2017415T04:48:26 10.4101 49.8318 2017.288 10.3280888889
2017415T04:48:27 10.4104 49.8318 2017.288 10.3283694444
2017415T04:48:28 10.4106 49.8318 2017.288 10.3286472222
2017415T04:48:29 10.4109 49.8318 2017.288 10.3289277778
2017415T04:48:30 10.4112 49.8318 2017.288 10.3292055556
2017415T04:48:31 10.4115 49.8318 2017.288 10.3294861111
2017415T04:48:32 10.4118 49.8318 2017.288 10.3297638889
2017415T04:48:33 10.412 49.8318 2017.288 10.3300444444
2017415T04:48:34 10.4123 49.8318 2017.288 10.3303222222
2017415T04:48:35 10.4126 49.8318 2017.288 10.3306
2017415T04:48:36 10.4129 49.8318 2017.288 10.3308805556
2017415T04:48:37 10.4132 49.8318 2017.288 10.3311583333
2017415T04:48:38 10.4134 49.8318 2017.288 10.3314388889
2017415T04:48:39 10.4137 49.8318 2017.288 10.3317166667
2017415T04:48:40 10.414 49.8318 2017.288 10.3319972222
2017415T04:48:41 10.4143 49.8318 2017.288 10.332275
2017415T04:48:42 10.4146 49.8318 2017.288 10.3325555556
2017415T04:48:43 10.4148 49.8318 2017.288 10.3328333333
2017415T04:48:44 10.4151 49.8318 2017.288 10.3331138889
2017415T04:48:45 10.4154 49.8318 2017.288 10.3333916667
2017415T04:48:46 10.4157 49.8318 2017.288 10.3336694444
2017415T04:48:47 10.4159 49.8318 2017.288 10.33395
2017415T04:48:48 10.4162 49.8318 2017.288 10.3342277778
2017415T04:48:49 10.4165 49.8318 2017.288 10.3345083333
2017415T04:48:50 10.4168 49.8318 2017.288 10.3347861111
2017415T04:48:51 10.4171 49.8318 2017.288 10.3350666667
2017415T04:48:52 10.4173 49.8318 2017.288 10.3353444444
2017415T04:48:53 10.4176 49.8318 2017.288 10.335625
2017415T04:48:54 10.4179 49.8318 2017.288 10.3359027778
2017415T04:48:55 10.4182 49.8318 2017.288 10.3361805556
2017415T04:48:56 10.4185 49.8318 2017.288 10.3364611111
2017415T04:48:57 10.4187 49.8318 2017.288 10.3367388889
2017415T04:48:58 10.419 49.8318 2017.288 10.3370194444
2017415T04:48:59 10.3373 46.9512 2017.288 10.3372972222
2017415T04:49:00 10.4196 49.8318 2017.288 10.3375777778
2017415T04:49:01 10.4199 49.8318 2017.288 10.3378555556
2017415T04:49:02 10.4201 49.8318 2017.288 10.3381333333
2017415T04:49:03 10.4204 49.8318 2017.288 10.3384138889
2017415T04:49:04 10.4207 49.8318 2017.288 10.3386916667
2017415T04:49:05 10.421 49.8318 2017.288 10.3389722222
2017415T04:49:06 10.4212 49.8318 2017.288 10.33925
2017415T04:49:07 10.4215 49.8318 2017.288 10.3395277778
2017415T04:49:08 10.4218 49.8318 2017.288 10.3398083333
2017415T04:49:09 10.4221 49.8318 2017.288 10.3400861111
2017415T04:49:10 10.4224 49.8318 2017.288 10.3403666667
2017415T04:49:11 10.4226 49.8318 2017.288 10.3406444444
2017415T06:12:24 11.8133 49.8318 2017.288 11.7312777778
2017415T06:12:25 11.8136 49.8318 2017.288 11.7315583333
2017415T06:12:26 11.8138 49.8318 2017.288 11.7318361111
2017415T06:12:27 11.8141 49.8318 2017.288 11.7321166667
2017415T06:12:28 11.8144 49.8318 2017.288 11.7323944444
2017415T06:12:29 11.8147 49.8318 2017.288 11.732675
2017415T06:12:30 11.8149 49.8318 2017.288 11.7329527778
2017415T06:12:31 11.8152 49.8318 2017.288 11.7332333333
2017415T06:12:32 11.8155 49.8318 2017.288 11.7335111111
2017415T06:12:33 11.8158 49.8318 2017.288 11.7337916667
2017415T06:12:34 11.8161 49.8318 2017.288 11.7340694444
2017415T06:12:35 11.8163 49.8318 2017.288 11.73435
2017415T06:12:36 11.8166 49.8318 2017.288 11.7346277778
2017415T06:12:37 11.8169 49.8318 2017.288 11.7349083333
2017415T06:12:38 11.8172 49.8318 2017.288 11.7351861111
2017415T06:12:39 11.8175 49.8318 2017.288 11.7354666667
2017415T06:12:40 11.8177 49.8318 2017.288 11.7357444444
2017415T06:12:41 11.818 49.8318 2017.288 11.736025
2017415T06:12:42 11.8183 49.8318 2017.288 11.7363027778
2017415T06:12:43 11.8186 49.8318 2017.288 11.7365833333
2017415T06:12:44 11.8189 49.8318 2017.288 11.7368611111
2017415T06:12:45 11.8191 49.8318 2017.288 11.7371416667
2017415T06:12:46 11.8194 49.8318 2017.288 11.7374194444
2017415T06:12:47 11.8197 49.8318 2017.288 11.7377
2017415T06:12:48 11.82 49.8318 2017.288 11.7379777778
2017415T06:12:49 11.8203 49.8318 2017.288 11.7382583333
2017415T06:12:50 11.8205 49.8318 2017.288 11.7385361111
2017415T06:12:51 11.8208 49.8318 2017.288 11.7388166667
2017415T06:12:52 11.8211 49.8318 2017.288 11.7390944444
2017415T06:12:53 11.8214 49.8318 2017.288 11.739375
2017415T06:12:54 11.8216 49.8318 2017.288 11.7396527778
2017415T06:12:55 11.8219 49.8318 2017.288 11.7399333333
2017415T06:12:56 11.8222 49.8318 2017.288 11.7402111111
2017415T06:12:57 11.8225 49.8318 2017.288 11.7404916667
2017415T06:12:58 11.8228 49.8318 2017.288 11.7407694444
2017415T06:12:59 11.823 49.8318 2017.288 11.74105
2017415T06:13:00 11.8233 49.8318 2017.288 11.7413277778
2017415T06:13:01 11.8236 49.8318 2017.288 11.7416083333
2017415T06:13:02 11.8239 49.8318 2017.288 11.7418861111
2017415T06:13:03 11.8242 49.8318 2017.288 11.7421666667
2017415T06:13:04 11.8244 49.8318 2017.288 11.7424444444
2017415T06:13:05 11.8247 49.8318 2017.288 11.742725
2017415T06:13:06 11.825 49.8318 2017.288 11.7430027778
2017415T06:13:07 11.8253 49.8318 2017.288 11.7432833333
2017415T06:13:08 11.8256 49.8318 2017.288 11.7435611111
2017415T06:13:09 11.8258 49.8318 2017.288 11.7438416667
2017415T06:13:10 11.8261 49.8318 2017.288 11.7441194444
2017415T06:13:11 11.8264 49.8318 2017.288 11.7444
2017415T06:13:12 11.8267 49.8318 2017.288 11.7446777778
2017415T06:13:13 11.827 49.8318 2017.288 11.7449583333
2017415T06:13:14 11.8272 49.8318 2017.288 11.7452361111
2017415T06:13:15 11.8275 49.8318 2017.288 11.7455166667
2017415T06:13:16 11.8278 49.8318 2017.288 11.7457944444
2017415T06:13:17 11.8281 49.8318 2017.288 11.746075
2017415T06:13:18 11.8283 49.8318 2017.288 11.7463527778
2017415T06:13:19 11.8286 49.8318 2017.288 11.7466333333
2017415T06:13:20 11.8289 49.8318 2017.288 11.7469111111
2017415T06:13:21 11.8292 49.8318 2017.288 11.7471916667
2017415T06:13:22 11.8295 49.8318 2017.288 11.7474694444
2017415T06:13:23 11.8297 49.8318 2017.288 11.74775
2017415T06:13:24 11.83 49.8318 2017.288 11.7480277778
2017415T06:13:25 11.8303 49.8318 2017.288 11.7483083333
2017415T06:19:34 11.851 46.9512 2017.288 11.8510333333
2017415T06:19:35 11.8513 46.9512 2017.288 11.8513111111
2017415T06:19:36 11.8516 46.9512 2017.288 11.8515916667
2017415T06:19:37 11.8519 46.9512 2017.288 11.8518694444
2017415T06:19:38 11.8521 46.9512 2017.288 11.85215
2017415T06:19:39 11.8524 46.9512 2017.288 11.8524277778
2017415T06:19:40 11.8527 46.9512 2017.288 11.8527055556
2017415T06:19:41 11.853 46.9512 2017.288 11.8529861111
2017415T06:19:42 11.8533 46.9512 2017.288 11.8532638889
2017415T06:19:43 11.8535 46.9512 2017.288 11.8535444444
2017415T06:19:44 11.8538 46.9512 2017.288 11.8538222222
2017415T06:19:45 11.8541 46.9512 2017.288 11.8541
2017415T06:19:46 11.8544 46.9512 2017.288 11.8543805556
2017415T06:19:47 11.8547 46.9512 2017.288 11.8546583333
2017415T06:19:48 11.8549 46.9512 2017.288 11.8549388889
2017415T06:19:49 11.8552 46.9512 2017.288 11.8552166667
2017415T06:19:50 11.8555 46.9512 2017.288 11.8554972222
2017415T06:19:51 11.8558 46.9512 2017.288 11.855775
2017415T06:19:52 11.856 46.9512 2017.288 11.8560555556
2017415T06:19:53 11.863 46.9512 2017.288 11.8563333333
2017415T06:19:54 11.8802 46.9512 2017.288 11.8566138889
2017415T06:19:55 11.8512 46.9512 2017.288 11.8568916667
2017415T06:19:56 11.7933 46.9512 2017.288 11.8571722222
2017415T06:19:57 11.7867 46.9515 2017.288 11.85745
2017415T06:19:58 11.787 46.9515 2017.288 11.8577305556
2017415T06:19:59 11.7873 46.9515 2017.288 11.8580083333
2017415T06:20:00 11.7876 46.9515 2017.288 11.8582888889
2017415T06:20:01 11.7878 46.9515 2017.288 11.8585666667
2017415T06:20:02 11.7881 46.9515 2017.288 11.8588472222
2017415T06:20:03 11.7884 46.9515 2017.288 11.859125
2017415T06:20:04 11.7887 46.9515 2017.288 11.8594055556
2017415T06:20:05 11.789 46.9515 2017.288 11.8596833333
2017415T06:20:06 11.7892 46.9515 2017.288 11.8599638889
2017415T06:20:07 11.7895 46.9515 2017.288 11.8602416667
2017415T06:20:08 11.7898 46.9515 2017.288 11.8605222222
2017415T06:20:09 11.7901 46.9515 2017.288 11.8608
2017415T06:20:10 11.8611 46.9512 2017.288 11.8610805556
2017415T06:20:11 11.7906 46.9515 2017.288 11.8613583333
2017415T06:20:12 11.7909 46.9515 2017.288 11.8616388889
2017415T06:20:13 11.7912 46.9515 2017.288 11.8619166667
2017415T06:20:14 11.7915 46.9515 2017.288 11.8621972222
2017415T06:20:15 11.7918 46.9515 2017.288 11.862475
2017415T06:20:16 11.792 46.9515 2017.288 11.8627555556
2017415T06:20:17 11.7923 46.9515 2017.288 11.8630333333
2017415T06:20:18 11.7926 46.9515 2017.288 11.8633111111
2017415T06:20:19 11.7929 46.9515 2017.288 11.8635916667
2017415T06:20:20 11.7932 46.9515 2017.288 11.8638694444
2017415T06:20:21 11.7934 46.9515 2017.288 11.86415
2017415T06:20:22 11.7937 46.9515 2017.288 11.8644277778
2017415T06:20:23 11.794 46.9515 2017.288 11.8647083333
2017415T06:20:24 11.7943 46.9515 2017.288 11.8649861111
2017415T06:20:25 11.7945 46.9515 2017.288 11.8652666667
2017415T06:20:26 11.7948 46.9515 2017.288 11.8655444444
2017415T06:20:27 11.7951 46.9515 2017.288 11.865825
2017415T06:20:28 11.7954 46.9515 2017.288 11.8661027778
2017415T06:20:29 11.7957 46.9515 2017.288 11.8663833333
2017415T06:20:30 11.7959 46.9515 2017.288 11.8666611111
2017415T06:20:31 11.7962 46.9515 2017.288 11.8669416667
2017415T06:20:32 11.7965 46.9515 2017.288 11.8672194444
2017415T06:20:33 11.7968 46.9515 2017.288 11.8675
2017415T06:20:34 11.7971 46.9515 2017.288 11.8677777778
2017415T06:20:35 11.7973 46.9515 2017.288 11.8680583333
2017415T06:20:36 11.7976 46.9515 2017.288 11.8683361111
2017415T06:20:37 11.7979 46.9515 2017.288 11.8686166667
2017415T06:20:38 11.7982 46.9515 2017.288 11.8688944444
2017415T06:20:39 11.7985 46.9515 2017.288 11.869175
2017415T06:20:40 11.7987 46.9515 2017.288 11.8694527778
2017415T06:20:41 11.799 46.9515 2017.288 11.8697333333
2017415T06:20:42 11.7993 46.9515 2017.288 11.8700111111
2017415T06:20:43 11.7996 46.9515 2017.288 11.8702916667
2017415T06:20:44 11.7999 46.9515 2017.288 11.8705694444
2017415T06:20:45 11.8001 46.9515 2017.288 11.87085
2017415T06:20:46 11.8004 46.9515 2017.288 11.8711277778
2017415T06:20:47 11.8007 46.9515 2017.288 11.8714083333
2017415T06:20:48 11.801 46.9515 2017.288 11.8716861111
2017415T06:20:49 11.8012 46.9515 2017.288 11.8719666667
2017415T06:20:50 11.8015 46.9515 2017.288 11.8722444444
2017415T06:20:51 11.8018 46.9515 2017.288 11.872525
2017415T06:20:52 11.8021 46.9515 2017.288 11.8728027778
2017415T06:20:53 11.8024 46.9515 2017.288 11.8730833333
2017415T06:20:54 11.8026 46.9515 2017.288 11.8733611111
2017415T06:20:55 11.8029 46.9515 2017.288 11.8736416667
2017415T06:20:56 11.8032 46.9515 2017.288 11.8739194444
2017415T06:20:57 11.8035 46.9515 2017.288 11.8742
2017415T06:20:58 11.8038 46.9515 2017.288 11.8744777778
2017415T06:20:59 11.804 46.9515 2017.288 11.8747555556
2017415T06:21:00 11.8043 46.9515 2017.288 11.8750361111
2017415T06:21:01 11.8046 46.9515 2017.288 11.8753138889
2017415T06:21:02 11.8049 46.9515 2017.288 11.8755944444
2017415T06:21:03 11.8052 46.9515 2017.288 11.8758722222
2017415T06:21:04 11.8048 46.9515 2017.288 11.8761527778
2017415T06:21:05 11.7998 46.9516 2017.288 11.8764305556
2017415T06:21:06 11.7868 46.9516 2017.288 11.8767111111
2017415T06:21:07 11.7482 46.9516 2017.288 11.8769888889
2017415T06:21:08 11.7475 46.9517 2017.288 11.8772694444
2017415T06:21:09 11.7479 46.9517 2017.288 11.8775472222
2017415T06:21:10 11.7481 46.9517 2017.288 11.8778277778
2017415T06:21:11 11.7484 46.9517 2017.288 11.8781055556
2017415T06:21:12 11.7487 46.9517 2017.288 11.8783861111
2017415T06:21:13 11.7489 46.9517 2017.288 11.8786638889
2017415T06:21:14 11.7492 46.9517 2017.288 11.8789444444
2017415T06:21:15 11.7495 46.9517 2017.288 11.8792222222
2017415T06:21:16 11.7444 46.9517 2017.288 11.8795027778
2017415T06:21:17 11.7264 46.9517 2017.288 11.8797805556
2017415T06:21:18 11.7267 46.9517 2017.288 11.8800611111
2017415T06:21:19 11.727 46.9517 2017.288 11.8803388889
2017415T06:21:20 11.7273 46.9517 2017.288 11.8806166667
2017415T06:21:21 11.7275 46.9517 2017.288 11.8808972222
2017415T06:21:22 11.7427 46.9517 2017.288 11.881175
2017415T06:21:23 11.7528 46.9517 2017.288 11.8814555556
2017415T06:21:24 11.7973 46.9517 2017.288 11.8817333333
2017415T06:21:25 11.8773 46.9517 2017.288 11.8820138889
2017415T06:21:26 11.9002 46.9517 2017.288 11.8822916667
2017415T06:21:27 11.9004 46.9517 2017.288 11.8825722222
2017415T06:21:28 11.9007 46.9517 2017.288 11.88285
2017415T06:21:29 11.901 46.9517 2017.288 11.8831305556
2017415T06:21:30 11.9013 46.9517 2017.288 11.8834083333
2017415T06:21:31 11.9016 46.9517 2017.288 11.8836888889
2017415T06:21:32 11.9018 46.9517 2017.288 11.8839666667
2017415T06:21:33 11.9021 46.9517 2017.288 11.8842472222
2017415T06:21:34 11.9024 46.9517 2017.288 11.884525
2017415T06:21:35 11.9027 46.9517 2017.288 11.8848055556
2017415T06:21:36 11.903 46.9517 2017.288 11.8850833333
2017415T06:21:37 11.9032 46.9517 2017.288 11.8853611111
2017415T06:21:38 11.9035 46.9517 2017.288 11.8856416667
2017415T06:21:39 11.9038 46.9517 2017.288 11.8859194444
2017415T06:21:40 11.9041 46.9517 2017.288 11.8862
2017415T06:21:41 11.9043 46.9517 2017.288 11.8864777778
2017415T06:21:42 11.9046 46.9517 2017.288 11.8867583333
2017415T06:21:43 11.9049 46.9517 2017.288 11.8870361111
2017415T06:21:44 11.9052 46.9517 2017.288 11.8873166667
2017415T06:21:45 11.9055 46.9517 2017.288 11.8875944444
2017415T06:21:46 11.9057 46.9517 2017.288 11.887875
2017415T06:21:47 11.906 46.9517 2017.288 11.8881527778
2017415T06:21:48 11.9063 46.9517 2017.288 11.8884333333
2017415T06:21:49 11.9066 46.9517 2017.288 11.8887111111
2017415T06:21:50 11.9069 46.9517 2017.288 11.8889916667
2017415T06:21:51 11.9071 46.9517 2017.288 11.8892694444
2017415T06:21:52 11.9074 46.9517 2017.288 11.8895472222
2017415T06:21:53 11.9077 46.9517 2017.288 11.8898277778
2017415T06:21:54 11.908 46.9517 2017.288 11.8901055556
2017415T06:21:55 11.9083 46.9517 2017.288 11.8903861111
2017415T06:21:56 11.9085 46.9517 2017.288 11.8906638889
2017415T06:21:57 11.9088 46.9517 2017.288 11.8909444444
2017415T06:21:58 11.9091 46.9517 2017.288 11.8912222222
2017415T06:21:59 11.9094 46.9517 2017.288 11.8915027778
2017415T06:22:00 11.9097 46.9517 2017.288 11.8917805556
2017415T06:22:01 11.9099 46.9517 2017.288 11.8920583333
2017415T06:22:02 11.9102 46.9517 2017.288 11.8923388889
2017415T06:22:03 11.9105 46.9517 2017.288 11.8926166667
2017415T06:22:04 11.9108 46.9517 2017.288 11.8928972222
2017415T06:22:05 11.911 46.9517 2017.288 11.893175
2017415T06:22:06 11.8934 46.9512 2017.288 11.8934555556
2017415T06:22:07 11.8937 46.9512 2017.288 11.8937333333
2017415T06:22:08 11.894 46.9512 2017.288 11.8940138889
2017415T06:22:09 11.8943 46.9512 2017.288 11.8942916667
2017415T06:22:10 11.8946 46.9512 2017.288 11.8945722222
2017415T06:22:11 11.8948 46.9512 2017.288 11.89485
2017415T06:22:12 11.8951 46.9512 2017.288 11.8951277778
2017415T06:22:13 11.8954 46.9512 2017.288 11.8954083333
2017415T06:22:14 11.8957 46.9512 2017.288 11.8956861111
2017415T06:22:15 11.896 46.9512 2017.288 11.8959666667
2017415T06:22:16 11.8962 46.9512 2017.288 11.8962444444
2017415T06:22:17 11.8965 46.9512 2017.288 11.8965222222
2017415T06:22:18 11.8968 46.9512 2017.288 11.8968027778
2017415T06:22:19 11.8971 46.9512 2017.288 11.8970805556
2017415T06:22:20 11.8974 46.9512 2017.288 11.8973611111
2017415T06:22:21 11.8976 46.9512 2017.288 11.8976388889
2017415T06:22:22 11.8979 46.9512 2017.288 11.8979166667
2017415T06:22:23 11.8982 46.9512 2017.288 11.8981972222
2017415T06:22:24 11.8985 46.9512 2017.288 11.898475
2017415T06:22:25 11.8987 46.9512 2017.288 11.8987555556
2017415T06:22:26 11.899 46.9512 2017.288 11.8990333333
2017415T06:22:27 11.8993 46.9512 2017.288 11.8993138889
2017415T06:22:28 11.8996 46.9512 2017.288 11.8995944444
2017415T06:22:29 11.8999 46.9512 2017.288 11.8998722222
2017415T06:22:30 11.9001 46.9512 2017.288 11.9001527778
2017415T06:22:31 11.9004 46.9512 2017.288 11.9004305556
2017415T06:22:32 11.9007 46.9512 2017.288 11.9007111111
2017415T06:22:33 11.901 46.9512 2017.288 11.9009888889
2017415T06:22:34 11.9013 46.9512 2017.288 11.9012694444
2017415T06:22:35 11.9015 46.9512 2017.288 11.9015472222
2017415T06:22:36 11.9018 46.9512 2017.288 11.9018277778
2017415T06:22:37 11.9021 46.9512 2017.288 11.9021055556
2017415T06:22:38 11.9024 46.9512 2017.288 11.9023833333
2017415T06:22:39 11.9027 46.9512 2017.288 11.9026638889
2017415T06:22:40 11.9029 46.9512 2017.288 11.9029416667
2017415T06:22:41 11.9032 46.9512 2017.288 11.9032222222
2017415T06:22:42 11.9035 46.9512 2017.288 11.9035
2017415T06:22:43 11.9038 46.9512 2017.288 11.9037805556
2017415T06:22:44 11.904 46.9512 2017.288 11.9040583333
2017415T06:22:45 11.9043 46.9512 2017.288 11.9043388889
2017415T06:22:46 11.9046 46.9512 2017.288 11.9046166667
2017415T06:22:47 11.9049 46.9512 2017.288 11.9048972222
2017415T06:22:48 11.9052 46.9512 2017.288 11.905175
2017415T06:22:49 11.9054 46.9512 2017.288 11.9054555556
2017415T06:22:50 11.9057 46.9512 2017.288 11.9057333333
2017415T06:22:51 11.906 46.9512 2017.288 11.9060138889
2017415T06:22:52 11.9063 46.9512 2017.288 11.9062916667
2017415T06:22:53 11.9066 46.9512 2017.288 11.9065722222
2017415T06:22:54 11.9068 46.9512 2017.288 11.90685
2017415T06:22:55 11.9071 46.9512 2017.288 11.9071277778
2017415T06:22:56 11.9074 46.9512 2017.288 11.9074083333
2017415T06:22:57 11.9077 46.9512 2017.288 11.9076861111
2017415T06:22:58 11.908 46.9512 2017.288 11.9079666667
2017415T06:22:59 11.9082 46.9512 2017.288 11.9082444444
2017415T06:23:00 11.9085 46.9512 2017.288 11.908525
2017415T06:23:01 11.9088 46.9512 2017.288 11.9088027778
2017415T06:23:02 11.9091 46.9512 2017.288 11.9090833333
2017415T06:23:03 11.9094 46.9512 2017.288 11.9093611111
2017415T06:23:04 11.9096 46.9512 2017.288 11.9096416667
2017415T06:23:05 11.9099 46.9512 2017.288 11.9099194444
2017415T06:23:06 11.9102 46.9512 2017.288 11.9102
2017415T06:23:07 11.9105 46.9512 2017.288 11.9104777778
2017415T06:23:08 11.9107 46.9512 2017.288 11.9107555556
2017415T06:23:09 11.911 46.9512 2017.288 11.9110361111
2017415T06:23:10 11.9113 46.9512 2017.288 11.9113222222
2017415T06:23:11 11.9116 46.9512 2017.288 11.9116
2017415T06:23:12 11.9119 46.9512 2017.288 11.9118805556
2017415T06:23:13 11.9121 46.9512 2017.288 11.9121583333
2017415T06:23:14 11.9124 46.9512 2017.288 11.9124388889
2017415T06:23:15 11.9127 46.9512 2017.288 11.9127166667
2017415T06:23:16 11.913 46.9512 2017.288 11.9129972222
2017415T06:23:17 11.9133 46.9512 2017.288 11.913275
2017415T06:23:18 11.9135 46.9512 2017.288 11.9135527778
2017415T06:23:19 11.9138 46.9512 2017.288 11.9138333333
2017415T06:23:20 11.9141 46.9512 2017.288 11.9141111111
2017415T06:23:21 11.9144 46.9512 2017.288 11.9143916667
2017415T06:23:22 11.9147 46.9512 2017.288 11.9146694444
2017415T06:23:23 11.9149 46.9512 2017.288 11.91495
2017415T06:23:24 11.9152 46.9512 2017.288 11.9152277778
2017415T06:23:25 11.9155 46.9512 2017.288 11.9155083333
2017415T06:23:26 11.9158 46.9512 2017.288 11.9157861111
2017415T06:23:27 11.9161 46.9512 2017.288 11.9160666667
2017415T06:23:28 11.9163 46.9512 2017.288 11.9163444444
2017415T06:23:29 11.9166 46.9512 2017.288 11.916625
2017415T06:23:30 11.9169 46.9512 2017.288 11.9169027778
2017415T06:23:31 11.9172 46.9512 2017.288 11.9171833333
2017415T06:23:32 11.9175 46.9512 2017.288 11.9174611111
2017415T06:23:33 11.9177 46.9512 2017.288 11.9177388889
2017415T06:23:34 11.918 46.9512 2017.288 11.9180194444
2017415T06:23:35 11.9183 46.9512 2017.288 11.9183
2017415T06:23:36 11.9186 46.9512 2017.288 11.9185805556
2017415T06:23:37 11.9188 46.9512 2017.288 11.9188583333
2017415T06:23:38 11.9191 46.9512 2017.288 11.9191388889
2017415T06:23:39 11.9194 46.9512 2017.288 11.9194166667
2017415T06:23:40 11.9197 46.9512 2017.288 11.9196972222
2017415T06:23:41 11.92 46.9512 2017.288 11.919975
2017415T06:23:42 11.9202 46.9512 2017.288 11.9202555556
2017415T06:23:43 11.9205 46.9512 2017.288 11.9205333333
2017415T06:23:44 11.9208 46.9512 2017.288 11.9208138889
2017415T06:23:45 11.9211 46.9512 2017.288 11.9210916667
2017415T06:23:46 11.9214 46.9512 2017.288 11.9213722222
2017415T06:23:47 11.9216 46.9512 2017.288 11.92165
2017415T06:23:48 11.9219 46.9512 2017.288 11.9219305556
2017415T06:23:49 11.9222 46.9512 2017.288 11.9222111111
2017415T06:23:50 11.9225 46.9512 2017.288 11.9224888889
2017415T06:23:51 11.9228 46.9512 2017.288 11.9227694444
2017415T06:23:52 11.923 46.9512 2017.288 11.9230472222
2017415T06:23:53 11.9233 46.9512 2017.288 11.9233277778
2017415T06:23:54 11.9236 46.9512 2017.288 11.9236055556
2017415T06:23:55 11.9239 46.9512 2017.288 11.9238833333
2017415T06:23:56 11.9242 46.9512 2017.288 11.9241638889
2017415T06:23:57 11.9244 46.9512 2017.288 11.9244416667
2017415T06:23:58 11.9247 46.9512 2017.288 11.9247222222
2017415T06:23:59 11.925 46.9512 2017.288 11.925
2017415T06:24:00 11.9253 46.9512 2017.288 11.9252833333
2017415T06:24:01 11.9256 46.9512 2017.288 11.9255611111
2017415T06:24:02 11.9258 46.9512 2017.288 11.9258416667
2017415T06:24:03 11.9261 46.9512 2017.288 11.9261194444
2017415T06:24:04 11.9264 46.9512 2017.288 11.9263972222
2017415T06:24:05 11.9267 46.9512 2017.288 11.9266777778
2017415T06:24:06 11.9269 46.9512 2017.288 11.9269555556
2017415T06:24:07 11.9272 46.9512 2017.288 11.9272361111
2017415T06:24:08 11.9275 46.9512 2017.288 11.9275138889
2017415T06:24:09 11.9278 46.9512 2017.288 11.9277944444
2017415T06:24:10 11.9281 46.9512 2017.288 11.9280722222
2017415T06:24:11 11.9283 46.9512 2017.288 11.9283527778
2017415T06:24:12 11.9286 46.9512 2017.288 11.9286305556
2017415T06:24:13 11.9289 46.9512 2017.288 11.9289083333
2017415T06:24:14 11.9292 46.9512 2017.288 11.9291888889
2017415T06:24:15 11.9295 46.9512 2017.288 11.9294666667
2017415T06:24:16 11.9297 46.9512 2017.288 11.9297472222
2017415T06:24:17 11.93 46.9512 2017.288 11.9300305556
2017415T06:24:18 11.9303 46.9512 2017.288 11.9303083333
2017415T06:24:19 11.9306 46.9512 2017.288 11.9305888889
2017415T06:24:20 11.9309 46.9512 2017.288 11.9308666667
2017415T06:24:21 11.9311 46.9512 2017.288 11.9311444444
2017415T06:24:22 11.9314 46.9512 2017.288 11.931425
2017415T06:24:23 11.9317 46.9512 2017.288 11.9317027778
2017415T06:24:24 11.932 46.9512 2017.288 11.9319833333
2017415T06:24:25 11.9323 46.9512 2017.288 11.9322611111
2017415T06:24:26 11.9325 46.9512 2017.288 11.9325416667
2017415T06:24:27 11.9328 46.9512 2017.288 11.9328194444
2017415T06:24:28 11.9331 46.9512 2017.288 11.9330972222
2017415T06:24:29 11.9334 46.9512 2017.288 11.9333777778
2017415T06:24:30 11.9336 46.9512 2017.288 11.9336555556
2017415T06:24:31 11.9339 46.9512 2017.288 11.9339361111
2017415T06:24:32 11.9342 46.9512 2017.288 11.9342138889
2017415T06:24:33 11.9345 46.9512 2017.288 11.9344916667
2017415T06:24:34 11.9348 46.9512 2017.288 11.9347722222
2017415T06:24:35 11.935 46.9512 2017.288 11.9350527778
2017415T06:24:36 11.9353 46.9512 2017.288 11.9353333333
2017415T06:24:37 11.9356 46.9512 2017.288 11.9356111111
2017415T06:24:38 11.9359 46.9512 2017.288 11.9358916667
2017415T06:24:39 11.9362 46.9512 2017.288 11.9361694444
2017415T06:24:40 11.9364 46.9512 2017.288 11.93645
2017415T06:24:41 11.9367 46.9512 2017.288 11.9367277778
2017415T06:24:42 11.937 46.9512 2017.288 11.9370083333
2017415T06:24:43 11.9373 46.9512 2017.288 11.9372861111
2017415T06:24:44 11.9376 46.9512 2017.288 11.9375666667
2017415T06:24:45 11.9378 46.9512 2017.288 11.9378444444
2017415T06:24:46 11.9381 46.9512 2017.288 11.9381222222
2017415T06:24:47 11.9384 46.9512 2017.288 11.9384027778
2017415T06:24:48 11.9629 46.6413 2017.288 11.9386805556
2017415T06:24:49 12.0512 45.5019 2017.288 11.9389611111
2017415T06:24:50 12.1627 43.8401 2017.288 11.9392388889
2017415T06:24:51 12.2742 42.172 2017.288 11.9395166667
2017415T06:24:52 12.3857 40.5035 2017.288 11.9397972222
2017415T06:24:53 12.4972 38.8344 2017.288 11.9400777778
2017415T06:24:54 12.6087 37.1658 2017.288 11.9403555556
2017415T06:24:55 12.7202 35.498 2017.288 11.9406361111
2017415T06:24:56 12.8317 33.8293 2017.288 11.9409138889
2017415T06:24:57 12.9432 32.161 2017.288 11.9411916667
2017415T06:24:58 13.0548 30.4916 2017.288 11.9414722222
2017415T06:24:59 13.1663 28.8234 2017.288 11.94175
2017415T06:25:00 13.278 27.1527 2017.288 11.9420305556
2017415T06:25:01 13.3895 25.4843 2017.288 11.9423083333
2017415T06:25:02 13.5009 23.8168 2017.288 11.9425888889
2017415T06:25:03 13.6124 22.1486 2017.288 11.9428666667
2017415T06:25:04 13.7249 20.4787 2017.288 11.9431472222
2017415T06:25:05 13.8356 19.3851 2017.288 11.943425
2017415T06:25:06 13.9471 19.1026 2017.288 11.9437055556
2017415T06:25:07 14.0586 19.1026 2017.288 11.9439833333
2017415T06:25:08 14.1702 19.1027 2017.288 11.9442638889
2017415T06:25:09 14.2573 19.1027 2017.288 11.9445444444
2017415T06:25:10 14.2809 19.1027 2017.288 11.9448222222
2017415T06:25:11 14.2812 19.1027 2017.288 11.9451027778
2017415T06:25:12 14.2815 19.1027 2017.288 11.9453805556
2017415T06:25:13 14.2818 19.1027 2017.288 11.9456611111
2017415T06:25:14 14.2821 19.1027 2017.288 11.9459388889
2017415T06:25:15 14.2823 19.1027 2017.288 11.9462194444
2017415T06:25:16 14.2826 19.1027 2017.288 11.9464972222
2017415T06:25:17 14.2829 19.1027 2017.288 11.9467777778
2017415T06:25:18 14.2832 19.1027 2017.288 11.9470555556
2017415T06:25:19 14.2835 19.1027 2017.288 11.9473333333
2017415T06:25:21 14.2837 19.1027 2017.288 11.9476138889
2017415T06:25:22 14.284 19.1027 2017.288 11.9478944444
2017415T06:25:23 14.2843 19.1027 2017.288 11.9481722222
2017415T06:25:24 14.2846 19.1027 2017.288 11.9484527778
2017415T06:25:25 14.2849 19.1027 2017.288 11.9487305556
2017415T06:25:26 14.2849 19.1027 2017.288 11.9490111111
2017415T06:25:27 14.2849 19.1027 2017.288 11.9492888889
2017415T06:25:28 14.2849 19.1027 2017.288 11.9495666667
2017415T06:25:29 14.2849 19.1027 2017.288 11.9498472222
2017415T06:25:30 14.2849 19.1027 2017.288 11.950125
2017415T06:25:31 14.2849 19.1027 2017.288 11.9504055556
2017415T06:25:32 14.2849 19.1027 2017.288 11.9506833333
2017415T06:25:33 14.2849 19.1027 2017.288 11.9509638889
2017415T06:25:34 14.2849 19.1027 2017.288 11.9512416667
2017415T06:25:35 14.2849 19.1027 2017.288 11.9515222222
2017415T06:25:36 14.2849 19.1027 2017.288 11.9518027778
2017415T06:25:37 14.2849 19.1027 2017.288 11.9520805556
2017415T06:25:38 14.285 19.1027 2017.288 11.9523611111
2017415T06:25:39 14.285 19.1027 2017.288 11.9526388889
2017415T06:25:40 14.285 19.1027 2017.288 11.9529166667
2017415T06:25:41 14.285 19.1027 2017.288 11.9531972222
2017415T06:25:42 14.285 19.1027 2017.288 11.953475
2017415T06:25:43 14.285 19.1027 2017.288 11.9537555556
2017415T06:25:44 14.285 19.1027 2017.288 11.9540333333
2017415T06:25:45 14.285 19.1027 2017.288 11.9543138889
2017415T06:25:46 14.285 19.1027 2017.288 11.9545916667
2017415T06:25:47 14.285 19.1027 2017.288 11.9548694444
2017415T06:25:48 14.285 19.1027 2017.288 11.95515
2017415T06:25:49 14.285 19.1027 2017.288 11.9554277778
2017415T06:25:50 14.285 19.1027 2017.288 11.9557083333
2017415T06:25:51 11.956 46.9512 2017.288 11.9559861111
2017415T06:25:52 14.2851 19.1027 2017.288 11.9562666667
2017415T06:25:53 14.2854 19.1027 2017.288 11.9565444444
2017415T06:25:54 14.2856 19.1027 2017.288 11.956825
2017415T06:25:55 14.2859 19.1027 2017.288 11.9571055556
2017415T06:25:56 14.2682 19.3335 2017.288 11.9573833333
2017415T06:25:57 14.1875 20.3737 2017.288 11.9576638889
2017415T06:25:58 14.0765 22.0172 2017.288 11.9579416667
2017415T06:25:59 13.9656 23.6853 2017.288 11.9582222222
2017415T06:26:00 13.8547 25.3539 2017.288 11.9585
2017415T06:26:01 13.7437 27.0222 2017.288 11.9587805556
2017415T06:26:02 13.6328 28.6904 2017.288 11.9590583333
2017415T06:26:03 13.5218 30.3589 2017.288 11.9593388889
2017415T06:26:04 13.4109 32.0281 2017.288 11.9596166667
2017415T06:26:05 13.2999 33.6964 2017.288 11.9598944444
2017415T06:26:06 13.1883 35.374 2017.288 11.960175
2017415T06:26:07 13.0779 37.0349 2017.288 11.9604527778
2017415T06:26:08 12.9669 38.7043 2017.288 11.9607333333
2017415T06:26:09 12.8559 40.3728 2017.288 11.9610111111
2017415T06:26:10 12.745 42.0406 2017.288 11.9612916667
2017415T06:26:11 12.634 43.7091 2017.288 11.9615722222
2017415T06:26:12 12.5229 45.3792 2017.288 11.96185
2017415T06:26:13 12.4121 46.5815 2017.288 11.9621305556
2017415T06:26:14 12.3012 46.9515 2017.288 11.9624083333
2017415T06:26:15 12.1901 46.9515 2017.288 11.9626888889
2017415T06:26:16 12.0792 46.9515 2017.288 11.9629666667
2017415T06:26:17 11.9896 46.9515 2017.288 11.9632444444
2017415T06:26:18 11.9635 46.9515 2017.288 11.963525
2017415T06:26:19 11.9638 46.9515 2017.288 11.9638027778
2017415T06:26:20 11.9641 46.9515 2017.288 11.9640833333
2017415T06:26:21 11.9643 46.9515 2017.288 11.9643611111
2017415T06:26:22 11.9646 46.9515 2017.288 11.9646416667
2017415T06:26:23 11.9649 46.9515 2017.288 11.9649194444
2017415T06:26:24 11.9652 46.9515 2017.288 11.9651972222
2017415T06:26:25 11.9655 46.9515 2017.288 11.9654777778
2017415T06:26:26 11.9657 46.9515 2017.288 11.9657555556
2017415T06:26:27 11.966 46.9515 2017.288 11.9660361111
